2017-03-21-5-42-43AM,1490046163384,1490046147494,2017-03-21-5-42-27AM,network,1.293492,103.7751729,25.459,-1.0,-1.0,-1.0
2017-03-21-5-43-03AM,1490046183081,1490046179999,2017-03-21-5-42-59AM,network,1.2935308,103.7747655,22.117,-1.0,-1.0,-1.0
2017-03-21-5-43-24AM,1490046204079,1490046197219,2017-03-21-5-43-17AM,network,1.2936403,103.7748107,23.177,-1.0,-1.0,-1.0
2017-03-21-5-43-44AM,1490046224042,1490046212101,2017-03-21-5-43-32AM,network,1.2936736,103.7753992,26.136,-1.0,-1.0,-1.0
2017-03-21-5-44-04AM,1490046244159,1490046228228,2017-03-21-5-43-48AM,network,1.2935293,103.7750371,23.812,-1.0,-1.0,-1.0
2017-03-21-5-44-29AM,1490046269870,1490046269768,2017-03-21-5-44-29AM,network,1.293382,103.7752181,25.927,-1.0,-1.0,-1.0
2017-03-21-5-44-44AM,1490046284207,1490046283961,2017-03-21-5-44-43AM,network,1.293604,103.7747655,30.641,-1.0,-1.0,-1.0
2017-03-21-5-45-04AM,1490046304291,1490046301080,2017-03-21-5-45-01AM,network,1.2933825,103.7751276,29.538,-1.0,-1.0,-1.0
2017-03-21-5-45-24AM,1490046324351,1490046315366,2017-03-21-5-45-15AM,network,1.293604,103.7747655,28.053,-1.0,-1.0,-1.0
2017-03-21-5-45-44AM,1490046344462,1490046332935,2017-03-21-5-45-32AM,network,1.293604,103.7747655,28.066,-1.0,-1.0,-1.0
2017-03-21-5-46-04AM,1490046364566,1490046363860,2017-03-21-5-46-03AM,network,1.2934552,103.7752181,22.111,-1.0,-1.0,-1.0
2017-03-21-5-46-21AM,1490046381626,1490062732000,2017-03-21-10-18-52AM,gps,1.29332179,103.77514314,222.0,18.0,-1.0,0.0
2017-03-21-5-46-38AM,1490046398655,1490062749000,2017-03-21-10-19-09AM,gps,1.293322,103.77514329,151.0,18.0,-1.0,0.0
2017-03-21-5-46-44AM,1490046404730,1490046395291,2017-03-21-5-46-35AM,network,1.293601,103.7753087,26.589,-1.0,-1.0,-1.0
2017-03-21-5-47-04AM,1490046424817,1490046409683,2017-03-21-5-46-49AM,network,1.293382,103.7752181,22.654,-1.0,-1.0,-1.0
2017-03-21-5-47-29AM,1490046449253,1490046449182,2017-03-21-5-47-29AM,network,1.293382,103.7752181,24.81,-1.0,-1.0,-1.0
2017-03-21-5-47-49AM,1490046469121,1490046469052,2017-03-21-5-47-49AM,network,1.2935288,103.7751276,23.642,-1.0,-1.0,-1.0
2017-03-21-5-48-04AM,1490046484874,1490046483469,2017-03-21-5-48-03AM,network,1.293382,103.7752181,22.095,-1.0,-1.0,-1.0
2017-03-21-5-48-51AM,1490046531094,1490046530959,2017-03-21-5-48-50AM,network,1.293382,103.7752181,22.101,-1.0,-1.0,-1.0
2017-03-21-5-49-05AM,1490046545168,1490046545108,2017-03-21-5-49-05AM,network,1.293382,103.7752181,23.341,-1.0,-1.0,-1.0
2017-03-21-5-49-19AM,1490046559628,1490062910000,2017-03-21-10-21-50AM,gps,1.29333943,103.77516074,201.0,19.0,-1.0,0.0
2017-03-21-5-49-25AM,1490046565162,1490046562518,2017-03-21-5-49-22AM,network,1.293382,103.7752181,23.375,-1.0,-1.0,-1.0
2017-03-21-5-49-45AM,1490046585260,1490046576794,2017-03-21-5-49-36AM,network,1.293382,103.7752181,22.084,-1.0,-1.0,-1.0
2017-03-21-5-50-04AM,1490046604609,1490062955000,2017-03-21-10-22-35AM,gps,1.29334235,103.77516317,174.0,19.0,-1.0,0.0
2017-03-21-5-50-29AM,1490046629575,1490046629489,2017-03-21-5-50-29AM,network,1.293382,103.7752181,22.074,-1.0,-1.0,-1.0
2017-03-21-5-50-45AM,1490046645622,1490062996000,2017-03-21-10-23-16AM,gps,1.29334395,103.7751644,167.0,19.0,-1.0,0.0
2017-03-21-5-51-05AM,1490046665479,1490046660275,2017-03-21-5-51-00AM,network,1.293492,103.7751729,21.946,-1.0,-1.0,-1.0
2017-03-21-5-51-25AM,1490046685558,1490046677125,2017-03-21-5-51-17AM,network,1.293382,103.7752181,22.092,-1.0,-1.0,-1.0
2017-03-21-5-51-41AM,1490046701699,1490063052000,2017-03-21-10-24-12AM,gps,1.29334781,103.77516722,151.0,19.0,-1.0,0.0
2017-03-21-5-52-00AM,1490046720613,1490063071000,2017-03-21-10-24-31AM,gps,1.29334883,103.77516803,154.0,19.0,-1.0,0.0
2017-03-21-5-52-05AM,1490046725741,1490046723366,2017-03-21-5-52-03AM,network,1.293382,103.7752181,22.099,-1.0,-1.0,-1.0
2017-03-21-5-52-10AM,1490046730767,1490063081000,2017-03-21-10-24-41AM,gps,1.29334871,103.77516795,133.0,19.0,-1.0,0.0
2017-03-21-5-52-42AM,1490046762711,1490063113000,2017-03-21-10-25-13AM,gps,1.29340926,103.7752173,152.0,21.0,-1.0,0.0
2017-03-21-5-53-10AM,1490046790058,1490046789952,2017-03-21-5-53-09AM,network,1.293382,103.7752181,22.065,-1.0,-1.0,-1.0
2017-03-21-5-53-25AM,1490046805764,1490046804173,2017-03-21-5-53-24AM,network,1.2933457,103.7751729,28.395,-1.0,-1.0,-1.0
2017-03-21-5-54-02AM,1490046842952,1490046842728,2017-03-21-5-54-02AM,network,1.2933509,103.7752157,36.9,-1.0,-1.0,-1.0
2017-03-21-5-54-18AM,1490046858734,1490046856936,2017-03-21-5-54-16AM,network,1.2933457,103.7751729,23.184,-1.0,-1.0,-1.0
2017-03-21-5-54-38AM,1490046878675,1490046872566,2017-03-21-5-54-32AM,network,1.293382,103.7752181,22.111,-1.0,-1.0,-1.0
2017-03-21-5-54-57AM,1490046897596,1490063248000,2017-03-21-10-27-28AM,gps,1.2934105,103.77522123,162.0,21.0,-1.0,0.0
2017-03-21-5-55-10AM,1490046910594,1490063261000,2017-03-21-10-27-41AM,gps,1.2934107,103.77522149,142.0,21.0,-1.0,0.0
2017-03-21-5-55-18AM,1490046918735,1490046901311,2017-03-21-5-55-01AM,network,1.293382,103.7752181,22.089,-1.0,-1.0,-1.0
2017-03-21-5-55-48AM,1490046948854,1490046948818,2017-03-21-5-55-48AM,network,1.2933457,103.7751729,23.173,-1.0,-1.0,-1.0
2017-03-21-5-56-10AM,1490046970478,1490046970356,2017-03-21-5-56-10AM,network,1.293382,103.7752181,22.062,-1.0,-1.0,-1.0
2017-03-21-5-56-27AM,1490046987585,1490063338000,2017-03-21-10-28-58AM,gps,1.29341081,103.77522164,150.0,21.0,-1.0,0.0
2017-03-21-5-56-49AM,1490047009599,1490063360000,2017-03-21-10-29-20AM,gps,1.29341253,103.77522447,79.0,21.0,-1.0,0.0
2017-03-21-5-57-31AM,1490047051616,1490063402000,2017-03-21-10-30-02AM,gps,1.29342519,103.77522973,149.0,22.0,-1.0,0.0
2017-03-21-5-57-42AM,1490047062595,1490063413000,2017-03-21-10-30-13AM,gps,1.29342559,103.77522996,151.0,22.0,-1.0,0.0
2017-03-21-5-57-53AM,1490047073505,1490047073397,2017-03-21-5-57-53AM,network,1.2934552,103.7752181,26.148,-1.0,-1.0,-1.0
2017-03-21-5-58-17AM,1490047097604,1490063448000,2017-03-21-10-30-48AM,gps,1.29341842,103.7752259,92.0,22.0,-1.0,0.0
2017-03-21-5-58-42AM,1490047122668,1490047122523,2017-03-21-5-58-42AM,network,1.2934552,103.7752181,26.15,-1.0,-1.0,-1.0
2017-03-21-5-58-57AM,1490047137996,1490047136780,2017-03-21-5-58-56AM,network,1.2934552,103.7752181,26.157,-1.0,-1.0,-1.0
2017-03-21-5-59-18AM,1490047158046,1490047152482,2017-03-21-5-59-12AM,network,1.293382,103.7752181,24.806,-1.0,-1.0,-1.0
2017-03-21-5-59-43AM,1490047183836,1490047183629,2017-03-21-5-59-43AM,network,1.2932004,103.7749918,24.588,-1.0,-1.0,-1.0
2017-03-21-6-00-33AM,1490047233860,1490047225443,2017-03-21-6-00-25AM,network,1.2926181,103.7743103,87.6,-1.0,-1.0,-1.0
2017-03-21-6-00-54AM,1490047254596,1490047254357,2017-03-21-6-00-54AM,network,1.2917071,103.7738601,25.904,-1.0,-1.0,-1.0
2017-03-21-6-01-14AM,1490047274537,1490047268832,2017-03-21-6-01-08AM,network,1.293367,103.7730294,68.4,-1.0,-1.0,-1.0
2017-03-21-6-01-23AM,1490047283634,1490063634000,2017-03-21-10-33-54AM,gps,1.29312061,103.77241852,109.0,70.0,-1.0,-1.0
2017-03-21-6-01-37AM,1490047297272,1490047283286,2017-03-21-6-01-23AM,network,1.2929971,103.7718416,98.4,-1.0,-1.0,-1.0
2017-03-21-6-01-56AM,1490047316529,1490047312212,2017-03-21-6-01-52AM,network,1.2927785,103.7719136,26.182,-1.0,-1.0,-1.0
2017-03-21-6-02-15AM,1490047335722,1490047326658,2017-03-21-6-02-06AM,network,1.294051,103.7721935,98.4,-1.0,-1.0,-1.0
2017-03-21-6-02-36AM,1490047356027,1490047355769,2017-03-21-6-02-35AM,network,1.2949277,103.7734979,22.076,-1.0,-1.0,-1.0
2017-03-21-6-02-54AM,1490047374964,1490047370198,2017-03-21-6-02-50AM,network,1.2945599,103.7738601,27.233,-1.0,-1.0,-1.0
2017-03-21-6-03-14AM,1490047394964,1490047384692,2017-03-21-6-03-04AM,network,1.2942668,103.7739506,29.056,-1.0,-1.0,-1.0
2017-03-21-6-03-34AM,1490047414994,1490047413516,2017-03-21-6-03-33AM,network,1.2944999,103.7724998,60.0,-1.0,-1.0,-1.0
2017-03-21-6-03-55AM,1490047435270,1490047427905,2017-03-21-6-03-47AM,network,1.2940644,103.7722992,72.9,-1.0,-1.0,-1.0
2017-03-21-6-04-15AM,1490047455417,1490047442331,2017-03-21-6-04-02AM,network,1.2927785,103.7719136,27.83,-1.0,-1.0,-1.0
2017-03-21-6-04-46AM,1490047486137,1490047485825,2017-03-21-6-04-45AM,network,1.2949402,103.7712346,36.893,-1.0,-1.0,-1.0
2017-03-21-6-05-06AM,1490047506104,1490047500255,2017-03-21-6-05-00AM,network,1.2954175,103.771073,82.5,-1.0,-1.0,-1.0
2017-03-21-6-05-46AM,1490047546015,1490047543877,2017-03-21-6-05-43AM,network,1.2932311,103.7732083,98.4,-1.0,-1.0,-1.0
2017-03-21-6-06-06AM,1490047566562,1490047558446,2017-03-21-6-05-58AM,network,1.2932311,103.7732083,92.9,-1.0,-1.0,-1.0
2017-03-21-6-06-11AM,1490047571665,1490063922000,2017-03-21-10-38-42AM,gps,1.29604341,103.77063337,71.0,24.0,-1.0,-1.0
2017-03-21-6-06-26AM,1490047586219,1490047573088,2017-03-21-6-06-13AM,network,1.2922151,103.7759866,68.4,-1.0,-1.0,-1.0
2017-03-21-6-06-51AM,1490047611612,1490063962000,2017-03-21-10-39-22AM,gps,1.29672601,103.7718277,117.0,-1.0,-1.0,-1.0
2017-03-21-6-07-12AM,1490047632581,1490063983000,2017-03-21-10-39-43AM,gps,1.29702727,103.77239232,157.0,13.0,-1.0,-1.0
2017-03-21-6-07-39AM,1490047659725,1490064010000,2017-03-21-10-40-10AM,gps,1.29899457,103.77338448,146.0,11.0,-1.0,-1.0
2017-03-21-6-07-56AM,1490047676626,1490064027000,2017-03-21-10-40-27AM,gps,1.29981348,103.77402939,123.0,11.0,-1.0,-1.0
2017-03-21-6-08-28AM,1490047708600,1490064059000,2017-03-21-10-40-59AM,gps,1.30112445,103.77320596,105.0,7.0,-1.0,-1.0
2017-03-21-6-09-55AM,1490047795560,1490064146000,2017-03-21-10-42-26AM,gps,1.30355456,103.7742474,205.0,-1.0,-1.0,-1.0
2017-03-21-6-10-17AM,1490047817645,1490047804966,2017-03-21-6-10-04AM,network,1.3034836,103.7743259,20.0,-1.0,-1.0,-1.0
2017-03-21-6-10-38AM,1490047838131,1490047834052,2017-03-21-6-10-34AM,network,1.3034836,103.7743259,20.0,-1.0,-1.0,-1.0
2017-03-21-6-11-25AM,1490047885672,1490064236000,2017-03-21-10-43-56AM,gps,1.30355414,103.775568,214.0,-1.0,-1.0,-1.0
2017-03-21-6-11-49AM,1490047909580,1490064260000,2017-03-21-10-44-20AM,gps,1.30318542,103.77431003,161.0,-8.0,-1.0,-1.0
2017-03-21-6-12-03AM,1490047923455,1490047923134,2017-03-21-6-12-03AM,network,1.3034836,103.7743259,77.6,-1.0,-1.0,-1.0
2017-03-21-6-12-32AM,1490047952593,1490064303000,2017-03-21-10-45-03AM,gps,1.30075396,103.77369713,127.0,24.0,-1.0,-1.0
2017-03-21-6-13-24AM,1490048004696,1490064355000,2017-03-21-10-45-55AM,gps,1.29893093,103.77445989,154.0,26.0,-1.0,-1.0
2017-03-21-6-14-04AM,1490048044573,1490064395000,2017-03-21-10-46-35AM,gps,1.29832553,103.77351529,110.0,27.0,-1.0,-1.0
2017-03-21-6-14-22AM,1490048062675,1490064413000,2017-03-21-10-46-53AM,gps,1.29708737,103.77251791,141.0,25.0,-1.0,-1.0
2017-03-21-6-14-33AM,1490048073382,1490048073245,2017-03-21-6-14-33AM,network,1.2961932,103.7720688,104.1,-1.0,-1.0,-1.0
2017-03-21-6-14-46AM,1490048086625,1490064437000,2017-03-21-10-47-17AM,gps,1.29621255,103.77298021,97.0,4.0,-1.0,-1.0
2017-03-21-6-14-53AM,1490048093776,1490048093276,2017-03-21-6-14-53AM,network,1.2960942,103.7723065,98.4,-1.0,-1.0,-1.0
2017-03-21-6-15-13AM,1490048113386,1490048103320,2017-03-21-6-15-03AM,network,1.2960978,103.7722669,87.6,-1.0,-1.0,-1.0
2017-03-21-6-15-19AM,1490048119581,1490064470000,2017-03-21-10-47-50AM,gps,1.29618807,103.77113036,48.0,19.0,-1.0,-1.0
2017-03-21-6-15-33AM,1490048133706,1490048133355,2017-03-21-6-15-33AM,network,1.2952723,103.771271,72.9,-1.0,-1.0,-1.0
2017-03-21-6-15-53AM,1490048153550,1490048153313,2017-03-21-6-15-53AM,network,1.2948052,103.7707929,82.5,-1.0,-1.0,-1.0
2017-03-21-6-16-23AM,1490048183979,1490048183606,2017-03-21-6-16-23AM,network,1.2938106,103.770465,23.363,-1.0,-1.0,-1.0
2017-03-21-6-16-44AM,1490048204783,1490048203541,2017-03-21-6-16-43AM,network,1.294051,103.7721935,82.5,-1.0,-1.0,-1.0
2017-03-21-6-17-05AM,1490048225111,1490048223344,2017-03-21-6-17-03AM,network,1.2927427,103.7717778,50.0,-1.0,-1.0,-1.0
2017-03-21-6-17-24AM,1490048244956,1490048244109,2017-03-21-6-17-24AM,network,1.294051,103.7721935,98.4,-1.0,-1.0,-1.0
2017-03-21-6-17-44AM,1490048264991,1490048263917,2017-03-21-6-17-43AM,network,1.2949157,103.7734652,45.6,-1.0,-1.0,-1.0
2017-03-21-6-18-05AM,1490048285082,1490048275413,2017-03-21-6-17-55AM,network,1.2947789,103.7739506,37.649,-1.0,-1.0,-1.0
2017-03-21-6-18-27AM,1490048307624,1490048307534,2017-03-21-6-18-27AM,network,1.29434,103.7739506,50.0,-1.0,-1.0,-1.0
2017-03-21-6-18-39AM,1490048319639,1490064670000,2017-03-21-10-51-10AM,gps,1.29421547,103.77369929,150.0,2.0,-1.0,-1.0
2017-03-21-6-18-46AM,1490048326558,1490048323674,2017-03-21-6-18-43AM,network,1.2947057,103.7739506,44.924,-1.0,-1.0,-1.0
2017-03-21-6-19-05AM,1490048345348,1490048338280,2017-03-21-6-18-58AM,network,1.2949157,103.7734652,42.5,-1.0,-1.0,-1.0
2017-03-21-6-19-20AM,1490048360590,1490064711000,2017-03-21-10-51-51AM,gps,1.29381919,103.77220748,147.0,7.0,-1.0,-1.0
2017-03-21-6-19-45AM,1490048385945,1490048381510,2017-03-21-6-19-41AM,network,1.2931064,103.7721399,50.0,-1.0,-1.0,-1.0
2017-03-21-6-20-05AM,1490048405985,1490048395797,2017-03-21-6-19-55AM,network,1.2929536,103.7733169,27.225,-1.0,-1.0,-1.0
2017-03-21-6-20-26AM,1490048426109,1490048424820,2017-03-21-6-20-24AM,network,1.292077,103.7741045,82.5,-1.0,-1.0,-1.0
2017-03-21-6-20-46AM,1490048446237,1490048439201,2017-03-21-6-20-39AM,network,1.2920659,103.7751276,50.0,-1.0,-1.0,-1.0
2017-03-21-6-21-06AM,1490048466290,1490048453551,2017-03-21-6-20-53AM,network,1.2933509,103.7752157,72.9,-1.0,-1.0,-1.0
2017-03-21-6-21-17AM,1490048477585,1490064828000,2017-03-21-10-53-48AM,gps,1.29330464,103.77552256,228.0,3.0,-1.0,-1.0
2017-03-21-6-21-26AM,1490048486463,1490048486421,2017-03-21-6-21-26AM,network,1.2930193,103.7746749,23.907,-1.0,-1.0,-1.0
2017-03-21-6-21-38AM,1490048498666,1490064849000,2017-03-21-10-54-09AM,gps,1.29292231,103.77462153,123.0,7.0,-1.0,-1.0
2017-03-21-6-21-46AM,1490048506582,1490048497280,2017-03-21-6-21-37AM,network,1.2932377,103.774856,22.795,-1.0,-1.0,-1.0
2017-03-21-6-22-54AM,1490048574638,1490064925000,2017-03-21-10-55-25AM,gps,1.29234275,103.77450088,137.0,25.0,-1.0,-1.0
2017-03-21-6-23-00AM,1490048580039,1490048579899,2017-03-21-6-22-59AM,network,1.2933845,103.7747655,22.114,-1.0,-1.0,-1.0
2017-03-21-6-23-05AM,1490048585659,1490064936000,2017-03-21-10-55-36AM,gps,1.29226568,103.77451628,139.0,38.0,-1.0,-1.0
2017-03-21-6-24-37AM,1490048677281,1490048674621,2017-03-21-6-24-34AM,network,1.2919281,103.7735885,50.0,-1.0,-1.0,-1.0
2017-03-21-6-25-33AM,1490048733620,1490065084000,2017-03-21-10-58-04AM,gps,1.29296915,103.77355388,154.0,38.0,-1.0,0.0
2017-03-21-6-26-31AM,1490048791670,1490065142000,2017-03-21-10-59-02AM,gps,1.29317694,103.77324979,145.0,17.0,-1.0,0.0
2017-03-21-6-26-45AM,1490048805667,1490065156000,2017-03-21-10-59-16AM,gps,1.2931995,103.77323284,153.0,17.0,-1.0,0.0
2017-03-21-6-27-06AM,1490048826642,1490065177000,2017-03-21-10-59-37AM,gps,1.29322709,103.77322542,147.0,19.0,-1.0,0.0
2017-03-21-6-27-26AM,1490048846653,1490065197000,2017-03-21-10-59-57AM,gps,1.29325514,103.77322094,131.0,21.0,-1.0,0.0
2017-03-21-6-27-37AM,1490048857631,1490065208000,2017-03-21-11-00-08AM,gps,1.29327414,103.77321615,140.0,22.0,-1.0,0.0
2017-03-21-6-27-58AM,1490048878622,1490065229000,2017-03-21-11-00-29AM,gps,1.29359193,103.77133522,100.0,32.0,-1.0,-1.0
2017-03-21-6-30-17AM,1490049017626,1490065368000,2017-03-21-11-02-48AM,gps,1.29462127,103.77035079,174.0,13.0,-1.0,-1.0
2017-03-21-6-31-34AM,1490049094647,1490065445000,2017-03-21-11-04-05AM,gps,1.2954192,103.77041989,161.0,8.0,-1.0,-1.0
2017-03-21-6-33-09AM,1490049189665,1490065540000,2017-03-21-11-05-40AM,gps,1.29589084,103.77108206,205.0,6.0,-1.0,-1.0
2017-03-21-6-33-26AM,1490049206633,1490065557000,2017-03-21-11-05-57AM,gps,1.29594514,103.7715177,155.0,17.0,-1.0,-1.0
2017-03-21-6-33-52AM,1490049232617,1490065583000,2017-03-21-11-06-23AM,gps,1.2962716,103.77158543,142.0,21.0,-1.0,-1.0
2017-03-21-6-34-38AM,1490049278642,1490065629000,2017-03-21-11-07-09AM,gps,1.29621261,103.77191593,107.0,0.0,-1.0,-1.0
2017-03-21-6-35-46AM,1490049346050,1490049345797,2017-03-21-6-35-45AM,network,1.2963201,103.7730453,22.098,-1.0,-1.0,-1.0
2017-03-21-6-36-06AM,1490049366257,1490049366151,2017-03-21-6-36-06AM,network,1.2961006,103.7730453,26.538,-1.0,-1.0,-1.0
2017-03-21-6-36-16AM,1490049376649,1490065727000,2017-03-21-11-08-47AM,gps,1.29601269,103.77302213,143.0,25.0,-1.0,-1.0
2017-03-21-6-36-37AM,1490049397532,1490049397346,2017-03-21-6-36-37AM,network,1.2965381,103.7733169,24.821,-1.0,-1.0,-1.0
2017-03-21-6-36-56AM,1490049416409,1490049411022,2017-03-21-6-36-51AM,network,1.2949978,103.7740412,50.0,-1.0,-1.0,-1.0
2017-03-21-6-37-15AM,1490049435642,1490065786000,2017-03-21-11-09-46AM,gps,1.29558422,103.77352293,143.0,41.0,-1.0,0.0
2017-03-21-6-38-02AM,1490049482664,1490049482488,2017-03-21-6-38-02AM,network,1.295238,103.7737326,20.0,-1.0,-1.0,-1.0
2017-03-21-6-38-18AM,1490049498235,1490049496889,2017-03-21-6-38-16AM,network,1.2952188,103.7737696,22.106,-1.0,-1.0,-1.0
2017-03-21-6-38-42AM,1490049522777,1490049522685,2017-03-21-6-38-42AM,network,1.2949988,103.7738601,22.114,-1.0,-1.0,-1.0
2017-03-21-6-39-22AM,1490049562978,1490049562890,2017-03-21-6-39-22AM,network,1.2946684,103.7740864,21.875,-1.0,-1.0,-1.0
2017-03-21-6-39-38AM,1490049578527,1490049577337,2017-03-21-6-39-37AM,network,1.2946684,103.7740864,21.884,-1.0,-1.0,-1.0
2017-03-21-6-39-58AM,1490049598615,1490049591977,2017-03-21-6-39-51AM,network,1.2946684,103.7740864,21.875,-1.0,-1.0,-1.0
2017-03-21-6-40-19AM,1490049619735,1490049606350,2017-03-21-6-40-06AM,network,1.2946684,103.7740864,21.875,-1.0,-1.0,-1.0
2017-03-21-6-40-39AM,1490049639787,1490049635280,2017-03-21-6-40-35AM,network,1.2946684,103.7740864,21.892,-1.0,-1.0,-1.0
2017-03-21-6-40-49AM,1490049649880,1490049649733,2017-03-21-6-40-49AM,network,1.2946684,103.7740864,21.887,-1.0,-1.0,-1.0
2017-03-21-6-40-59AM,1490049659912,1490049659811,2017-03-21-6-40-59AM,network,1.2946684,103.7740864,21.897,-1.0,-1.0,-1.0
2017-03-21-6-41-15AM,1490049675406,1490049674265,2017-03-21-6-41-14AM,network,1.2946684,103.7740864,21.852,-1.0,-1.0,-1.0
2017-03-21-6-41-35AM,1490049695408,1490049694178,2017-03-21-6-41-34AM,network,1.294682,103.7740863,20.0,-1.0,-1.0,-1.0
2017-03-21-6-42-04AM,1490049724350,1490049724308,2017-03-21-6-42-04AM,network,1.2946684,103.7740864,21.864,-1.0,-1.0,-1.0
2017-03-21-6-42-24AM,1490049744370,1490049744268,2017-03-21-6-42-24AM,network,1.2946684,103.7740864,21.864,-1.0,-1.0,-1.0
2017-03-21-6-42-44AM,1490049764466,1490049754321,2017-03-21-6-42-34AM,network,1.2946684,103.7740864,21.861,-1.0,-1.0,-1.0
2017-03-21-6-43-04AM,1490049784540,1490049784369,2017-03-21-6-43-04AM,network,1.294682,103.7740863,20.0,-1.0,-1.0,-1.0
2017-03-21-6-43-24AM,1490049804640,1490049804384,2017-03-21-6-43-24AM,network,1.294682,103.7740863,20.0,-1.0,-1.0,-1.0
2017-03-21-6-43-44AM,1490049824656,1490049824359,2017-03-21-6-43-44AM,network,1.294682,103.7740863,20.0,-1.0,-1.0,-1.0
2017-03-21-6-44-04AM,1490049844708,1490049844458,2017-03-21-6-44-04AM,network,1.294682,103.7740863,20.0,-1.0,-1.0,-1.0
2017-03-21-6-44-25AM,1490049865750,1490049864484,2017-03-21-6-44-24AM,network,1.2946684,103.7740864,21.88,-1.0,-1.0,-1.0
2017-03-21-6-44-45AM,1490049885873,1490049884558,2017-03-21-6-44-44AM,network,1.2946684,103.7740864,21.885,-1.0,-1.0,-1.0
2017-03-21-6-45-05AM,1490049905931,1490049904595,2017-03-21-6-45-04AM,network,1.294682,103.7740863,20.0,-1.0,-1.0,-1.0
2017-03-21-6-45-25AM,1490049925954,1490049924675,2017-03-21-6-45-24AM,network,1.294682,103.7740863,20.0,-1.0,-1.0,-1.0
2017-03-21-6-45-46AM,1490049946018,1490049944688,2017-03-21-6-45-44AM,network,1.294682,103.7740863,20.0,-1.0,-1.0,-1.0
2017-03-21-6-46-06AM,1490049966092,1490049964747,2017-03-21-6-46-04AM,network,1.294682,103.7740863,20.0,-1.0,-1.0,-1.0
2017-03-21-6-46-26AM,1490049986106,1490049984815,2017-03-21-6-46-24AM,network,1.294682,103.7740863,20.0,-1.0,-1.0,-1.0
2017-03-21-6-46-46AM,1490050006148,1490050004855,2017-03-21-6-46-44AM,network,1.294682,103.7740863,20.0,-1.0,-1.0,-1.0
2017-03-21-6-47-06AM,1490050026199,1490050024915,2017-03-21-6-47-04AM,network,1.2946684,103.7740864,21.86,-1.0,-1.0,-1.0
2017-03-21-6-47-26AM,1490050046294,1490050044963,2017-03-21-6-47-24AM,network,1.2946684,103.7740864,21.874,-1.0,-1.0,-1.0
2017-03-21-6-47-46AM,1490050066352,1490050064980,2017-03-21-6-47-44AM,network,1.294682,103.7740863,20.0,-1.0,-1.0,-1.0
2017-03-21-6-48-07AM,1490050087437,1490050085118,2017-03-21-6-48-05AM,network,1.2946684,103.7740864,21.864,-1.0,-1.0,-1.0
2017-03-21-6-48-27AM,1490050107474,1490050105099,2017-03-21-6-48-25AM,network,1.294682,103.7740863,20.0,-1.0,-1.0,-1.0
2017-03-21-6-48-47AM,1490050127578,1490050125153,2017-03-21-6-48-45AM,network,1.294682,103.7740863,20.0,-1.0,-1.0,-1.0
2017-03-21-6-49-07AM,1490050147615,1490050145138,2017-03-21-6-49-05AM,network,1.2946684,103.7740864,21.881,-1.0,-1.0,-1.0
2017-03-21-6-49-27AM,1490050167666,1490050165243,2017-03-21-6-49-25AM,network,1.2946684,103.7740864,21.882,-1.0,-1.0,-1.0
2017-03-21-6-49-47AM,1490050187723,1490050185370,2017-03-21-6-49-45AM,network,1.2946684,103.7740864,21.86,-1.0,-1.0,-1.0
2017-03-21-6-50-07AM,1490050207831,1490050205341,2017-03-21-6-50-05AM,network,1.2946684,103.7740864,21.864,-1.0,-1.0,-1.0
2017-03-21-6-50-27AM,1490050227851,1490050225383,2017-03-21-6-50-25AM,network,1.2946684,103.7740864,21.86,-1.0,-1.0,-1.0
2017-03-21-6-50-47AM,1490050247925,1490050245456,2017-03-21-6-50-45AM,network,1.2946684,103.7740864,21.878,-1.0,-1.0,-1.0
2017-03-21-6-51-09AM,1490050269017,1490050265424,2017-03-21-6-51-05AM,network,1.294682,103.7740863,20.0,-1.0,-1.0,-1.0
2017-03-21-6-51-29AM,1490050289043,1490050285527,2017-03-21-6-51-25AM,network,1.2946684,103.7740864,21.882,-1.0,-1.0,-1.0
2017-03-21-6-51-49AM,1490050309105,1490050305559,2017-03-21-6-51-45AM,network,1.2946684,103.7740864,21.881,-1.0,-1.0,-1.0
2017-03-21-6-52-09AM,1490050329191,1490050325587,2017-03-21-6-52-05AM,network,1.2946684,103.7740864,21.891,-1.0,-1.0,-1.0
2017-03-21-6-52-29AM,1490050349185,1490050345665,2017-03-21-6-52-25AM,network,1.2946684,103.7740864,21.869,-1.0,-1.0,-1.0
2017-03-21-6-52-49AM,1490050369325,1490050365713,2017-03-21-6-52-45AM,network,1.2946684,103.7740864,21.824,-1.0,-1.0,-1.0
2017-03-21-6-53-09AM,1490050389465,1490050385763,2017-03-21-6-53-05AM,network,1.294682,103.7740863,20.0,-1.0,-1.0,-1.0
2017-03-21-6-53-29AM,1490050409438,1490050405823,2017-03-21-6-53-25AM,network,1.2946684,103.7740864,21.851,-1.0,-1.0,-1.0
2017-03-21-6-53-49AM,1490050429516,1490050425864,2017-03-21-6-53-45AM,network,1.294682,103.7740863,20.0,-1.0,-1.0,-1.0
2017-03-21-6-54-09AM,1490050449618,1490050445925,2017-03-21-6-54-05AM,network,1.294682,103.7740863,20.0,-1.0,-1.0,-1.0
2017-03-21-6-54-29AM,1490050469636,1490050465947,2017-03-21-6-54-25AM,network,1.294682,103.7740863,20.0,-1.0,-1.0,-1.0
2017-03-21-6-54-49AM,1490050489716,1490050486032,2017-03-21-6-54-46AM,network,1.2946684,103.7740864,21.887,-1.0,-1.0,-1.0
2017-03-21-6-55-09AM,1490050509762,1490050506042,2017-03-21-6-55-06AM,network,1.294682,103.7740863,20.0,-1.0,-1.0,-1.0
2017-03-21-6-55-29AM,1490050529771,1490050526068,2017-03-21-6-55-26AM,network,1.2946684,103.7740864,21.876,-1.0,-1.0,-1.0
2017-03-21-6-55-49AM,1490050549826,1490050546130,2017-03-21-6-55-46AM,network,1.2946684,103.7740864,21.888,-1.0,-1.0,-1.0
2017-03-21-6-56-09AM,1490050569971,1490050566189,2017-03-21-6-56-06AM,network,1.2946684,103.7740864,21.873,-1.0,-1.0,-1.0
2017-03-21-6-56-30AM,1490050590008,1490050586301,2017-03-21-6-56-26AM,network,1.2946684,103.7740864,21.87,-1.0,-1.0,-1.0
2017-03-21-6-56-50AM,1490050610073,1490050606336,2017-03-21-6-56-46AM,network,1.2946684,103.7740864,21.895,-1.0,-1.0,-1.0
2017-03-21-6-57-10AM,1490050630152,1490050626435,2017-03-21-6-57-06AM,network,1.2946684,103.7740864,21.902,-1.0,-1.0,-1.0
2017-03-21-6-57-30AM,1490050650167,1490050646515,2017-03-21-6-57-26AM,network,1.2946684,103.7740864,21.905,-1.0,-1.0,-1.0
2017-03-21-6-57-50AM,1490050670248,1490050666541,2017-03-21-6-57-46AM,network,1.2946684,103.7740864,21.885,-1.0,-1.0,-1.0
2017-03-21-6-58-10AM,1490050690350,1490050686621,2017-03-21-6-58-06AM,network,1.2946684,103.7740864,21.883,-1.0,-1.0,-1.0
2017-03-21-6-58-30AM,1490050710351,1490050706626,2017-03-21-6-58-26AM,network,1.2946684,103.7740864,21.861,-1.0,-1.0,-1.0
2017-03-21-6-58-50AM,1490050730417,1490050726740,2017-03-21-6-58-46AM,network,1.2946684,103.7740864,21.897,-1.0,-1.0,-1.0
2017-03-21-6-59-10AM,1490050750568,1490050737270,2017-03-21-6-58-57AM,network,1.2945589,103.7740412,23.306,-1.0,-1.0,-1.0
2017-03-21-6-59-30AM,1490050770680,1490050756758,2017-03-21-6-59-16AM,network,1.2944116,103.7742222,23.636,-1.0,-1.0,-1.0
2017-03-21-6-59-50AM,1490050790641,1490050774798,2017-03-21-6-59-34AM,network,1.2942648,103.7743128,24.627,-1.0,-1.0,-1.0
2017-03-21-7-00-10AM,1490050810715,1490050794796,2017-03-21-6-59-54AM,network,1.2941907,103.7744938,22.118,-1.0,-1.0,-1.0
2017-03-21-7-00-30AM,1490050830819,1490050812947,2017-03-21-7-00-12AM,network,1.2940444,103.7744938,22.905,-1.0,-1.0,-1.0
2017-03-21-7-00-55AM,1490050855568,1490050855455,2017-03-21-7-00-55AM,network,1.2937876,103.7746296,21.889,-1.0,-1.0,-1.0
2017-03-21-7-01-10AM,1490050870950,1490050870828,2017-03-21-7-01-10AM,network,1.2935308,103.7747655,50.0,-1.0,-1.0,-1.0
2017-03-21-7-01-36AM,1490050896217,1490050885183,2017-03-21-7-01-25AM,network,1.2934577,103.7747655,22.905,-1.0,-1.0,-1.0
2017-03-21-7-01-50AM,1490050910948,1490050899484,2017-03-21-7-01-39AM,network,1.2935303,103.774856,22.879,-1.0,-1.0,-1.0
2017-03-21-7-02-10AM,1490050930985,1490050930520,2017-03-21-7-02-10AM,network,1.2933089,103.7752181,22.01,-1.0,-1.0,-1.0
2017-03-21-7-02-31AM,1490050951109,1490050944830,2017-03-21-7-02-24AM,network,1.2933089,103.7752181,22.008,-1.0,-1.0,-1.0
2017-03-21-7-02-56AM,1490050976472,1490050976368,2017-03-21-7-02-56AM,network,1.2932708,103.775338,82.5,-1.0,-1.0,-1.0
2017-03-21-7-03-28AM,1490051008072,1490051007719,2017-03-21-7-03-27AM,network,1.2935924,103.7747304,72.9,-1.0,-1.0,-1.0
2017-03-21-7-03-41AM,1490051021844,1490051021773,2017-03-21-7-03-41AM,network,1.2950286,103.7740403,92.9,-1.0,-1.0,-1.0
2017-03-21-7-03-52AM,1490051032564,1490051031852,2017-03-21-7-03-51AM,network,1.2950286,103.7740403,98.4,-1.0,-1.0,-1.0
2017-03-21-7-04-12AM,1490051052650,1490051052118,2017-03-21-7-04-12AM,network,1.2933099,103.7750371,22.119,-1.0,-1.0,-1.0
2017-03-21-7-04-32AM,1490051072699,1490051072183,2017-03-21-7-04-32AM,network,1.2933825,103.7751276,22.816,-1.0,-1.0,-1.0
2017-03-21-7-04-52AM,1490051092834,1490051082384,2017-03-21-7-04-42AM,network,1.2932377,103.774856,26.828,-1.0,-1.0,-1.0
2017-03-21-7-05-12AM,1490051112830,1490051112177,2017-03-21-7-05-12AM,network,1.2932367,103.7750371,22.128,-1.0,-1.0,-1.0
2017-03-21-7-05-32AM,1490051132917,1490051132295,2017-03-21-7-05-32AM,network,1.2932367,103.7750371,22.797,-1.0,-1.0,-1.0
2017-03-21-7-05-54AM,1490051154103,1490051152238,2017-03-21-7-05-52AM,network,1.2930909,103.7749465,24.709,-1.0,-1.0,-1.0
2017-03-21-7-06-15AM,1490051175373,1490051162280,2017-03-21-7-06-02AM,network,1.2932367,103.7750371,25.857,-1.0,-1.0,-1.0
2017-03-21-7-06-39AM,1490051199140,1490051199005,2017-03-21-7-06-39AM,network,1.2928847,103.7744751,64.1,-1.0,-1.0,-1.0
2017-03-21-7-08-22AM,1490051302431,1490051301577,2017-03-21-7-08-21AM,network,1.2930502,103.7718968,36.9,-1.0,-1.0,-1.0
2017-03-21-7-08-36AM,1490051316226,1490051316113,2017-03-21-7-08-36AM,network,1.2938933,103.7717235,68.4,-1.0,-1.0,-1.0
2017-03-21-7-08-56AM,1490051336516,1490051332841,2017-03-21-7-08-52AM,network,1.2944999,103.7724998,48.9,-1.0,-1.0,-1.0
2017-03-21-7-09-16AM,1490051356603,1490051347286,2017-03-21-7-09-07AM,network,1.2949157,103.7734652,68.4,-1.0,-1.0,-1.0
2017-03-21-7-09-36AM,1490051376575,1490051376239,2017-03-21-7-09-36AM,network,1.2944853,103.7741317,24.554,-1.0,-1.0,-1.0
2017-03-21-7-09-56AM,1490051396757,1490051390708,2017-03-21-7-09-50AM,network,1.294382,103.7738649,34.4,-1.0,-1.0,-1.0
2017-03-21-7-10-02AM,1490051402532,1490067753000,2017-03-21-11-42-33AM,gps,1.29428957,103.77395638,88.0,69.0,-1.0,0.0
2017-03-21-7-10-16AM,1490051416704,1490051405184,2017-03-21-7-10-05AM,network,1.2947042,103.7742222,50.0,-1.0,-1.0,-1.0
2017-03-21-7-10-36AM,1490051436755,1490051434233,2017-03-21-7-10-34AM,network,1.2949157,103.7734652,56.1,-1.0,-1.0,-1.0
2017-03-21-7-10-56AM,1490051456839,1490051448777,2017-03-21-7-10-48AM,network,1.2944999,103.7724998,98.4,-1.0,-1.0,-1.0
2017-03-21-7-11-09AM,1490051469620,1490067820000,2017-03-21-11-43-40AM,gps,1.29360045,103.77204234,73.0,45.0,-1.0,-1.0
2017-03-21-7-11-16AM,1490051476900,1490051463347,2017-03-21-7-11-03AM,network,1.2944999,103.7724998,60.0,-1.0,-1.0,-1.0
2017-03-21-7-11-35AM,1490051495607,1490067846000,2017-03-21-11-44-06AM,gps,1.29365394,103.77147603,128.0,40.0,-1.0,-1.0
2017-03-21-7-11-57AM,1490051517604,1490051508107,2017-03-21-7-11-48AM,network,1.2938117,103.7703998,68.4,-1.0,-1.0,-1.0
2017-03-21-7-12-16AM,1490051536614,1490067887000,2017-03-21-11-44-47AM,gps,1.29531487,103.77054608,78.0,12.0,-1.0,-1.0
2017-03-21-7-12-43AM,1490051563619,1490067914000,2017-03-21-11-45-14AM,gps,1.29568775,103.77101222,146.0,15.0,-1.0,-1.0
2017-03-21-7-12-55AM,1490051575599,1490067926000,2017-03-21-11-45-26AM,gps,1.29592627,103.77078855,148.0,14.0,-1.0,-1.0
2017-03-21-7-13-18AM,1490051598081,1490051595654,2017-03-21-7-13-15AM,network,1.2952723,103.771271,92.9,-1.0,-1.0,-1.0
2017-03-21-7-13-29AM,1490051609634,1490067960000,2017-03-21-11-46-00AM,gps,1.29610435,103.77061851,163.0,17.0,-1.0,-1.0
2017-03-21-7-13-42AM,1490051622549,1490067973000,2017-03-21-11-46-13AM,gps,1.29596124,103.77062875,135.0,19.0,-1.0,-1.0
2017-03-21-7-14-01AM,1490051641603,1490067992000,2017-03-21-11-46-32AM,gps,1.29641397,103.77044263,82.0,25.0,-1.0,-1.0
2017-03-21-7-15-25AM,1490051725497,1490068076000,2017-03-21-11-47-56AM,gps,1.29657809,103.77153097,154.0,66.0,-1.0,-1.0
2017-03-21-7-17-38AM,1490051858605,1490068209000,2017-03-21-11-50-09AM,gps,1.29875794,103.77390918,225.0,57.0,-1.0,-1.0
2017-03-21-7-18-20AM,1490051900572,1490068251000,2017-03-21-11-50-51AM,gps,1.29988665,103.77434013,75.0,-7.0,-1.0,-1.0
2017-03-21-7-18-38AM,1490051918768,1490051916830,2017-03-21-7-18-36AM,network,1.30043,103.7738525,45.6,-1.0,-1.0,-1.0
2017-03-21-7-18-58AM,1490051938849,1490051931361,2017-03-21-7-18-51AM,network,1.3007086,103.7732263,22.906,-1.0,-1.0,-1.0
2017-03-21-7-20-39AM,1490052039216,1490052033396,2017-03-21-7-20-33AM,network,1.3034836,103.7743259,72.9,-1.0,-1.0,-1.0
2017-03-21-7-20-59AM,1490052059811,1490052047986,2017-03-21-7-20-47AM,network,1.3034836,103.7743259,24.9,-1.0,-1.0,-1.0
2017-03-21-7-21-19AM,1490052079440,1490052077668,2017-03-21-7-21-17AM,network,1.3034836,103.7743259,20.9,-1.0,-1.0,-1.0
2017-03-21-7-21-30AM,1490052090585,1490068441000,2017-03-21-11-54-01AM,gps,1.30393201,103.77416818,157.0,-16.0,-1.0,0.0
2017-03-21-7-21-39AM,1490052099551,1490052093774,2017-03-21-7-21-33AM,network,1.3034836,103.7743259,24.9,-1.0,-1.0,-1.0
2017-03-21-7-22-06AM,1490052126622,1490068477000,2017-03-21-11-54-37AM,gps,1.3037509,103.77421429,58.0,25.0,-1.0,0.0
2017-03-21-7-22-51AM,1490052171606,1490068522000,2017-03-21-11-55-22AM,gps,1.30373705,103.77425239,122.0,32.0,-1.0,0.0
2017-03-21-7-23-11AM,1490052191613,1490068542000,2017-03-21-11-55-42AM,gps,1.30374244,103.77425356,156.0,32.0,-1.0,-1.0
2017-03-21-7-23-54AM,1490052234584,1490068585000,2017-03-21-11-56-25AM,gps,1.30376204,103.77413087,135.0,14.0,-1.0,0.0
2017-03-21-7-25-02AM,1490052302285,1490052300753,2017-03-21-7-25-00AM,network,1.3051697,103.7735885,23.083,-1.0,-1.0,-1.0
2017-03-21-7-25-21AM,1490052321685,1490052315061,2017-03-21-7-25-15AM,network,1.3053897,103.7734979,22.927,-1.0,-1.0,-1.0
2017-03-21-7-25-41AM,1490052341832,1490052329729,2017-03-21-7-25-29AM,network,1.3055012,103.7731811,21.94,-1.0,-1.0,-1.0
2017-03-21-7-26-10AM,1490052370527,1490068721000,2017-03-21-11-58-41AM,gps,1.30377143,103.77412146,241.0,13.0,-1.0,-1.0
2017-03-21-7-26-24AM,1490052384917,1490052371875,2017-03-21-7-26-11AM,network,1.3061224,103.7733169,22.095,-1.0,-1.0,-1.0
2017-03-21-7-26-31AM,1490052391622,1490068742000,2017-03-21-11-59-02AM,gps,1.3058356,103.77329476,122.0,46.0,-1.0,-1.0
2017-03-21-7-26-44AM,1490052404777,1490052386464,2017-03-21-7-26-26AM,network,1.3060493,103.7733169,22.852,-1.0,-1.0,-1.0
2017-03-21-7-27-12AM,1490052432800,1490052432659,2017-03-21-7-27-12AM,network,1.3056854,103.7729547,25.072,-1.0,-1.0,-1.0
2017-03-21-7-27-31AM,1490052451511,1490052451422,2017-03-21-7-27-31AM,network,1.3055381,103.7731358,25.628,-1.0,-1.0,-1.0
2017-03-21-7-27-58AM,1490052478582,1490052478512,2017-03-21-7-27-58AM,network,1.3056112,103.7731358,22.118,-1.0,-1.0,-1.0
2017-03-21-7-28-10AM,1490052490728,1490052490597,2017-03-21-7-28-10AM,network,1.305317,103.7734074,22.118,-1.0,-1.0,-1.0
2017-03-21-7-28-49AM,1490052529959,1490052525261,2017-03-21-7-28-45AM,network,1.3054639,103.7733169,24.063,-1.0,-1.0,-1.0
2017-03-21-7-29-03AM,1490052543505,1490068894000,2017-03-21-12-01-34PM,gps,1.30544662,103.77354736,157.0,54.0,-1.0,0.0
2017-03-21-7-29-10AM,1490052550006,1490052544848,2017-03-21-7-29-04AM,network,1.3056102,103.7733169,24.069,-1.0,-1.0,-1.0
2017-03-21-7-29-31AM,1490052571566,1490068922000,2017-03-21-12-02-02PM,gps,1.30539508,103.7734903,127.0,15.0,-1.0,0.0
2017-03-21-7-29-50AM,1490052590344,1490052590284,2017-03-21-7-29-50AM,network,1.3053907,103.7733169,22.938,-1.0,-1.0,-1.0
2017-03-21-7-30-06AM,1490052606506,1490068957000,2017-03-21-12-02-37PM,gps,1.30531793,103.77344909,89.0,28.0,-1.0,0.0
2017-03-21-7-30-30AM,1490052630156,1490052622512,2017-03-21-7-30-22AM,network,1.3054276,103.7732716,22.493,-1.0,-1.0,-1.0
2017-03-21-7-30-46AM,1490052646509,1490068997000,2017-03-21-12-03-17PM,gps,1.30525797,103.77359623,101.0,38.0,-1.0,0.0
2017-03-21-7-31-05AM,1490052665507,1490069016000,2017-03-21-12-03-36PM,gps,1.30524719,103.77359626,71.0,35.0,-1.0,0.0
2017-03-21-7-31-11AM,1490052671327,1490052658641,2017-03-21-7-30-58AM,network,1.3056107,103.7732263,24.357,-1.0,-1.0,-1.0
2017-03-21-7-31-31AM,1490052691362,1490052687170,2017-03-21-7-31-27AM,network,1.3056102,103.7733169,22.852,-1.0,-1.0,-1.0
2017-03-21-7-31-41AM,1490052701572,1490069052000,2017-03-21-12-04-12PM,gps,1.30522521,103.77361065,144.0,31.0,-1.0,0.0
2017-03-21-7-31-51AM,1490052711396,1490052703102,2017-03-21-7-31-43AM,network,1.3054644,103.7732263,24.078,-1.0,-1.0,-1.0
2017-03-21-7-32-06AM,1490052726538,1490069077000,2017-03-21-12-04-37PM,gps,1.30523768,103.77358607,144.0,31.0,-1.0,0.0
2017-03-21-7-32-51AM,1490052771584,1490069122000,2017-03-21-12-05-22PM,gps,1.30527188,103.77353507,130.0,34.0,-1.0,0.0
2017-03-21-7-33-02AM,1490052782960,1490052782840,2017-03-21-7-33-02AM,network,1.3056839,103.7732263,26.353,-1.0,-1.0,-1.0
2017-03-21-7-33-17AM,1490052797164,1490052797021,2017-03-21-7-33-17AM,network,1.3054639,103.7733169,22.112,-1.0,-1.0,-1.0
2017-03-21-7-33-38AM,1490052818094,1490052817960,2017-03-21-7-33-37AM,network,1.3054639,103.7733169,22.41,-1.0,-1.0,-1.0
2017-03-21-7-33-53AM,1490052833923,1490052832154,2017-03-21-7-33-52AM,network,1.3056476,103.7731811,23.195,-1.0,-1.0,-1.0
2017-03-21-7-34-15AM,1490052855017,1490052848527,2017-03-21-7-34-08AM,network,1.3055002,103.7733621,23.194,-1.0,-1.0,-1.0
2017-03-21-7-34-35AM,1490052875098,1490052864830,2017-03-21-7-34-24AM,network,1.3054639,103.7733169,22.12,-1.0,-1.0,-1.0
2017-03-21-7-34-48AM,1490052888603,1490069239000,2017-03-21-12-07-19PM,gps,1.30523856,103.7735461,159.0,28.0,-1.0,0.0
2017-03-21-7-34-55AM,1490052895145,1490052893100,2017-03-21-7-34-53AM,network,1.3054639,103.7733169,24.066,-1.0,-1.0,-1.0
2017-03-21-7-35-15AM,1490052915162,1490052907367,2017-03-21-7-35-07AM,network,1.3054639,103.7733169,24.901,-1.0,-1.0,-1.0
2017-03-21-7-35-29AM,1490052929605,1490069280000,2017-03-21-12-08-00PM,gps,1.30523225,103.77354732,113.0,26.0,-1.0,0.0
2017-03-21-7-35-35AM,1490052935203,1490052921523,2017-03-21-7-35-21AM,network,1.3054644,103.7732263,22.897,-1.0,-1.0,-1.0
2017-03-21-7-35-55AM,1490052955214,1490052949879,2017-03-21-7-35-49AM,network,1.3054639,103.7733169,22.384,-1.0,-1.0,-1.0
2017-03-21-7-36-15AM,1490052975278,1490052968857,2017-03-21-7-36-08AM,network,1.3054639,103.7733169,23.569,-1.0,-1.0,-1.0
2017-03-21-7-36-27AM,1490052987562,1490069338000,2017-03-21-12-08-58PM,gps,1.30522246,103.77354422,112.0,24.0,-1.0,0.0
2017-03-21-7-36-35AM,1490052995309,1490052983090,2017-03-21-7-36-23AM,network,1.3056112,103.7731358,23.378,-1.0,-1.0,-1.0
2017-03-21-7-36-57AM,1490053017505,1490069368000,2017-03-21-12-09-28PM,gps,1.30521445,103.77353916,71.0,28.0,-1.0,0.0
2017-03-21-7-37-15AM,1490053035477,1490053035139,2017-03-21-7-37-15AM,network,1.3054276,103.7732716,22.497,-1.0,-1.0,-1.0
2017-03-21-7-37-28AM,1490053048518,1490069399000,2017-03-21-12-09-59PM,gps,1.30522436,103.77353565,72.0,30.0,-1.0,0.0
2017-03-21-7-37-36AM,1490053056442,1490053049270,2017-03-21-7-37-29AM,network,1.3054639,103.7733169,22.388,-1.0,-1.0,-1.0
2017-03-21-7-37-56AM,1490053076545,1490053063518,2017-03-21-7-37-43AM,network,1.3054644,103.7732263,22.109,-1.0,-1.0,-1.0
2017-03-21-7-38-09AM,1490053089514,1490069440000,2017-03-21-12-10-40PM,gps,1.30521704,103.77354268,143.0,25.0,-1.0,0.0
2017-03-21-7-38-16AM,1490053096573,1490053091836,2017-03-21-7-38-11AM,network,1.3056107,103.7732263,22.112,-1.0,-1.0,-1.0
2017-03-21-7-38-22AM,1490053102502,1490069453000,2017-03-21-12-10-53PM,gps,1.30521711,103.77354274,148.0,24.0,-1.0,0.0
2017-03-21-7-38-32AM,1490053112545,1490069463000,2017-03-21-12-11-03PM,gps,1.3052173,103.77354256,131.0,25.0,-1.0,0.0
2017-03-21-7-38-42AM,1490053122598,1490069473000,2017-03-21-12-11-13PM,gps,1.30521741,103.77354239,132.0,25.0,-1.0,0.0
2017-03-21-7-38-56AM,1490053136688,1490053122994,2017-03-21-7-38-42AM,network,1.3053539,103.7733621,25.463,-1.0,-1.0,-1.0
2017-03-21-7-39-16AM,1490053156832,1490053151341,2017-03-21-7-39-11AM,network,1.305317,103.7734074,22.108,-1.0,-1.0,-1.0
2017-03-21-7-39-28AM,1490053168602,1490069519000,2017-03-21-12-11-59PM,gps,1.30522904,103.77353296,146.0,26.0,-1.0,0.0
2017-03-21-7-39-41AM,1490053181487,1490053181398,2017-03-21-7-39-41AM,network,1.3053907,103.7733169,22.924,-1.0,-1.0,-1.0
2017-03-21-7-39-51AM,1490053191496,1490069542000,2017-03-21-12-12-22PM,gps,1.30523311,103.77352913,137.0,27.0,-1.0,0.0
2017-03-21-7-39-56AM,1490053196784,1490053195841,2017-03-21-7-39-55AM,network,1.3053539,103.7733621,21.948,-1.0,-1.0,-1.0
2017-03-21-7-40-16AM,1490053216883,1490053212210,2017-03-21-7-40-12AM,network,1.3053539,103.7733621,21.944,-1.0,-1.0,-1.0
2017-03-21-7-40-44AM,1490053244781,1490053244718,2017-03-21-7-40-44AM,network,1.3055012,103.7731811,23.193,-1.0,-1.0,-1.0
2017-03-21-7-40-58AM,1490053258602,1490069609000,2017-03-21-12-13-29PM,gps,1.30523996,103.77351775,149.0,26.0,-1.0,0.0
2017-03-21-7-41-10AM,1490053270936,1490053270834,2017-03-21-7-41-10AM,network,1.3055386,103.7730453,23.343,-1.0,-1.0,-1.0
2017-03-21-7-41-30AM,1490053290581,1490053282930,2017-03-21-7-41-22AM,network,1.3055406,103.7726831,22.861,-1.0,-1.0,-1.0
2017-03-21-7-41-50AM,1490053310554,1490053301031,2017-03-21-7-41-41AM,network,1.3055401,103.7727737,22.424,-1.0,-1.0,-1.0
2017-03-21-7-42-10AM,1490053330702,1490053318674,2017-03-21-7-41-58AM,network,1.3050662,103.7724568,22.505,-1.0,-1.0,-1.0
2017-03-21-7-42-30AM,1490053350877,1490053344928,2017-03-21-7-42-24AM,network,1.3048104,103.7724115,22.914,-1.0,-1.0,-1.0
2017-03-21-7-42-51AM,1490053371332,1490053359280,2017-03-21-7-42-39AM,network,1.3046636,103.7725021,23.051,-1.0,-1.0,-1.0
2017-03-21-7-43-11AM,1490053391151,1490053373443,2017-03-21-7-42-53AM,network,1.3045899,103.7725926,22.897,-1.0,-1.0,-1.0
2017-03-21-7-43-31AM,1490053411520,1490053405224,2017-03-21-7-43-25AM,network,1.3044789,103.7728189,21.913,-1.0,-1.0,-1.0
2017-03-21-7-43-52AM,1490053432693,1490053419548,2017-03-21-7-43-39AM,network,1.304442,103.7728642,22.104,-1.0,-1.0,-1.0
2017-03-21-7-44-19AM,1490053459600,1490053459438,2017-03-21-7-44-19AM,network,1.3046252,103.7728189,23.168,-1.0,-1.0,-1.0
2017-03-21-7-44-35AM,1490053475279,1490053473369,2017-03-21-7-44-33AM,network,1.304662,103.7727737,23.855,-1.0,-1.0,-1.0
2017-03-21-7-44-59AM,1490053499386,1490053499314,2017-03-21-7-44-59AM,network,1.3047357,103.7726831,22.031,-1.0,-1.0,-1.0
2017-03-21-7-45-15AM,1490053515485,1490053513317,2017-03-21-7-45-13AM,network,1.3047357,103.7726831,21.992,-1.0,-1.0,-1.0
2017-03-21-7-45-35AM,1490053535510,1490053527306,2017-03-21-7-45-27AM,network,1.3047357,103.7726831,21.851,-1.0,-1.0,-1.0
2017-03-21-7-45-55AM,1490053555581,1490053555315,2017-03-21-7-45-55AM,network,1.3047357,103.7726831,21.89,-1.0,-1.0,-1.0
2017-03-21-7-46-16AM,1490053576417,1490053569363,2017-03-21-7-46-09AM,network,1.3045879,103.7729547,25.824,-1.0,-1.0,-1.0
2017-03-21-7-46-36AM,1490053596488,1490053583437,2017-03-21-7-46-23AM,network,1.3045147,103.7729547,22.063,-1.0,-1.0,-1.0
2017-03-21-7-46-56AM,1490053616610,1490053611420,2017-03-21-7-46-51AM,network,1.3044789,103.7728189,21.858,-1.0,-1.0,-1.0
2017-03-21-7-47-16AM,1490053636739,1490053625419,2017-03-21-7-47-05AM,network,1.3044789,103.7728189,21.853,-1.0,-1.0,-1.0
2017-03-21-7-47-36AM,1490053656839,1490053653322,2017-03-21-7-47-33AM,network,1.3044789,103.7728189,21.86,-1.0,-1.0,-1.0
2017-03-21-7-47-56AM,1490053676938,1490053667322,2017-03-21-7-47-47AM,network,1.3044789,103.7728189,21.897,-1.0,-1.0,-1.0
2017-03-21-7-48-16AM,1490053696948,1490053695397,2017-03-21-7-48-15AM,network,1.3044789,103.7728189,21.903,-1.0,-1.0,-1.0
2017-03-21-7-48-37AM,1490053717056,1490053709400,2017-03-21-7-48-29AM,network,1.3044789,103.7728189,21.892,-1.0,-1.0,-1.0
2017-03-21-7-48-57AM,1490053737049,1490053723413,2017-03-21-7-48-43AM,network,1.3044789,103.7728189,21.91,-1.0,-1.0,-1.0
2017-03-21-7-49-17AM,1490053757093,1490053751497,2017-03-21-7-49-11AM,network,1.3044789,103.7728189,21.898,-1.0,-1.0,-1.0
2017-03-21-7-49-37AM,1490053777228,1490053765503,2017-03-21-7-49-25AM,network,1.304442,103.7728642,22.859,-1.0,-1.0,-1.0
2017-03-21-7-49-57AM,1490053797274,1490053793689,2017-03-21-7-49-53AM,network,1.3044425,103.7727737,23.258,-1.0,-1.0,-1.0
2017-03-21-7-50-17AM,1490053817386,1490053807782,2017-03-21-7-50-07AM,network,1.304511,103.7729698,22.5,-1.0,-1.0,-1.0
2017-03-21-7-50-37AM,1490053837400,1490053835899,2017-03-21-7-50-35AM,network,1.3045152,103.7728642,22.101,-1.0,-1.0,-1.0
2017-03-21-7-50-57AM,1490053857669,1490053855892,2017-03-21-7-50-55AM,network,1.3043684,103.7729547,28.49,-1.0,-1.0,-1.0
2017-03-21-7-51-17AM,1490053877886,1490053870244,2017-03-21-7-51-10AM,network,1.3045894,103.7726831,30.932,-1.0,-1.0,-1.0
2017-03-21-7-51-38AM,1490053898182,1490053889992,2017-03-21-7-51-29AM,network,1.3045147,103.7729547,21.955,-1.0,-1.0,-1.0
2017-03-21-7-51-58AM,1490053918367,1490053904053,2017-03-21-7-51-44AM,network,1.304661,103.7729547,24.077,-1.0,-1.0,-1.0
2017-03-21-7-52-18AM,1490053938814,1490053936390,2017-03-21-7-52-16AM,network,1.3045879,103.7729547,22.051,-1.0,-1.0,-1.0
2017-03-21-7-52-38AM,1490053958913,1490053950448,2017-03-21-7-52-30AM,network,1.3045879,103.7729547,22.034,-1.0,-1.0,-1.0
2017-03-21-7-52-59AM,1490053979134,1490053966501,2017-03-21-7-52-46AM,network,1.3045879,103.7729547,22.034,-1.0,-1.0,-1.0
2017-03-21-7-53-19AM,1490053999607,1490053997591,2017-03-21-7-53-17AM,network,1.3045879,103.7729547,22.054,-1.0,-1.0,-1.0
2017-03-21-7-53-39AM,1490054019710,1490054011543,2017-03-21-7-53-31AM,network,1.3045879,103.7729547,22.014,-1.0,-1.0,-1.0
2017-03-21-7-53-59AM,1490054039820,1490054026221,2017-03-21-7-53-46AM,network,1.304662,103.7727737,21.886,-1.0,-1.0,-1.0
2017-03-21-7-54-19AM,1490054059722,1490054040256,2017-03-21-7-54-00AM,network,1.3047357,103.7726831,21.88,-1.0,-1.0,-1.0
2017-03-21-7-54-43AM,1490054083820,1490054083722,2017-03-21-7-54-43AM,network,1.3047357,103.7726831,21.747,-1.0,-1.0,-1.0
2017-03-21-7-54-59AM,1490054099848,1490054097726,2017-03-21-7-54-57AM,network,1.3047357,103.7726831,21.825,-1.0,-1.0,-1.0
2017-03-21-7-55-19AM,1490054119971,1490054111739,2017-03-21-7-55-11AM,network,1.3047357,103.7726831,21.806,-1.0,-1.0,-1.0
2017-03-21-7-55-40AM,1490054140122,1490054139846,2017-03-21-7-55-39AM,network,1.3047357,103.7726831,21.847,-1.0,-1.0,-1.0
2017-03-21-7-56-00AM,1490054160172,1490054153858,2017-03-21-7-55-53AM,network,1.3047357,103.7726831,21.822,-1.0,-1.0,-1.0
2017-03-21-7-56-20AM,1490054180306,1490054167909,2017-03-21-7-56-07AM,network,1.3047357,103.7726831,21.876,-1.0,-1.0,-1.0
2017-03-21-7-56-40AM,1490054200562,1490054196049,2017-03-21-7-56-36AM,network,1.3047357,103.7726831,21.791,-1.0,-1.0,-1.0
2017-03-21-7-57-00AM,1490054220378,1490054210106,2017-03-21-7-56-50AM,network,1.3047357,103.7726831,21.884,-1.0,-1.0,-1.0
2017-03-21-7-57-20AM,1490054240484,1490054238242,2017-03-21-7-57-18AM,network,1.3047357,103.7726831,21.701,-1.0,-1.0,-1.0
2017-03-21-7-57-40AM,1490054260605,1490054252253,2017-03-21-7-57-32AM,network,1.3047357,103.7726831,21.808,-1.0,-1.0,-1.0
2017-03-21-7-58-00AM,1490054280673,1490054280339,2017-03-21-7-58-00AM,network,1.3047357,103.7726831,21.712,-1.0,-1.0,-1.0
2017-03-21-7-58-20AM,1490054300704,1490054294464,2017-03-21-7-58-14AM,network,1.3047357,103.7726831,21.82,-1.0,-1.0,-1.0
2017-03-21-7-58-40AM,1490054320864,1490054308547,2017-03-21-7-58-28AM,network,1.3047357,103.7726831,21.926,-1.0,-1.0,-1.0
2017-03-21-7-59-02AM,1490054342008,1490054336687,2017-03-21-7-58-56AM,network,1.3047357,103.7726831,21.62,-1.0,-1.0,-1.0
2017-03-21-7-59-22AM,1490054362071,1490054350763,2017-03-21-7-59-10AM,network,1.3047357,103.7726831,21.684,-1.0,-1.0,-1.0
2017-03-21-7-59-42AM,1490054382151,1490054378839,2017-03-21-7-59-38AM,network,1.3047357,103.7726831,21.914,-1.0,-1.0,-1.0
2017-03-21-8-00-02AM,1490054402283,1490054392908,2017-03-21-7-59-52AM,network,1.3047357,103.7726831,21.734,-1.0,-1.0,-1.0
2017-03-21-8-00-22AM,1490054422358,1490054420998,2017-03-21-8-00-20AM,network,1.3047357,103.7726831,21.845,-1.0,-1.0,-1.0
2017-03-21-8-00-42AM,1490054442507,1490054435028,2017-03-21-8-00-35AM,network,1.3047357,103.7726831,21.8,-1.0,-1.0,-1.0
2017-03-21-8-01-02AM,1490054462581,1490054449113,2017-03-21-8-00-49AM,network,1.3047357,103.7726831,21.779,-1.0,-1.0,-1.0
2017-03-21-8-01-22AM,1490054482668,1490054477197,2017-03-21-8-01-17AM,network,1.3047357,103.7726831,21.664,-1.0,-1.0,-1.0
2017-03-21-8-01-42AM,1490054502811,1490054491232,2017-03-21-8-01-31AM,network,1.3047357,103.7726831,21.853,-1.0,-1.0,-1.0
2017-03-21-8-02-02AM,1490054522929,1490054519330,2017-03-21-8-01-59AM,network,1.3047357,103.7726831,21.821,-1.0,-1.0,-1.0
2017-03-21-8-02-24AM,1490054544026,1490054533358,2017-03-21-8-02-13AM,network,1.3047357,103.7726831,21.826,-1.0,-1.0,-1.0
2017-03-21-8-02-44AM,1490054564141,1490054561387,2017-03-21-8-02-41AM,network,1.3047357,103.7726831,21.803,-1.0,-1.0,-1.0
2017-03-21-8-03-04AM,1490054584249,1490054575404,2017-03-21-8-02-55AM,network,1.3047357,103.7726831,21.817,-1.0,-1.0,-1.0
2017-03-21-8-03-24AM,1490054604357,1490054603482,2017-03-21-8-03-23AM,network,1.3047357,103.7726831,21.843,-1.0,-1.0,-1.0
2017-03-21-8-03-44AM,1490054624506,1490054617512,2017-03-21-8-03-37AM,network,1.3047357,103.7726831,21.715,-1.0,-1.0,-1.0
2017-03-21-8-04-04AM,1490054644585,1490054631542,2017-03-21-8-03-51AM,network,1.3047357,103.7726831,21.894,-1.0,-1.0,-1.0
2017-03-21-8-04-24AM,1490054664779,1490054659687,2017-03-21-8-04-19AM,network,1.3047357,103.7726831,21.915,-1.0,-1.0,-1.0
2017-03-21-8-04-44AM,1490054684679,1490054673771,2017-03-21-8-04-33AM,network,1.3047357,103.7726831,21.844,-1.0,-1.0,-1.0
2017-03-21-8-05-04AM,1490054704789,1490054701834,2017-03-21-8-05-01AM,network,1.3047357,103.7726831,21.826,-1.0,-1.0,-1.0
2017-03-21-8-05-25AM,1490054725820,1490054715883,2017-03-21-8-05-15AM,network,1.3047357,103.7726831,21.775,-1.0,-1.0,-1.0
2017-03-21-8-05-45AM,1490054745971,1490054744063,2017-03-21-8-05-44AM,network,1.3047357,103.7726831,21.845,-1.0,-1.0,-1.0
2017-03-21-8-06-06AM,1490054766053,1490054758105,2017-03-21-8-05-58AM,network,1.3047357,103.7726831,21.832,-1.0,-1.0,-1.0
2017-03-21-8-06-26AM,1490054786236,1490054772130,2017-03-21-8-06-12AM,network,1.3047357,103.7726831,21.894,-1.0,-1.0,-1.0
2017-03-21-8-06-46AM,1490054806273,1490054800176,2017-03-21-8-06-40AM,network,1.3047357,103.7726831,21.84,-1.0,-1.0,-1.0
