2017-03-21-5-42-22AM,1490046142771,8.0,3
2017-03-21-6-03-16AM,1490047396647,8.0,3
2017-03-21-6-17-49AM,1490048269719,0.0,3
2017-03-21-6-17-49AM,1490048269909,8.0,3
2017-03-21-6-21-58AM,1490048518670,0.0,3
2017-03-21-6-21-59AM,1490048519351,8.0,3
2017-03-21-6-21-59AM,1490048519824,0.0,3
2017-03-21-6-22-00AM,1490048520412,8.0,3
2017-03-21-6-22-00AM,1490048520852,0.0,3
2017-03-21-6-22-01AM,1490048521374,8.0,3
2017-03-21-6-22-07AM,1490048527454,0.0,3
2017-03-21-6-22-07AM,1490048527755,8.0,3
2017-03-21-6-22-08AM,1490048528310,0.0,3
2017-03-21-6-22-08AM,1490048528539,8.0,3
2017-03-21-6-22-08AM,1490048528763,0.0,3
2017-03-21-6-22-08AM,1490048528890,8.0,3
2017-03-21-6-22-09AM,1490048529435,0.0,3
2017-03-21-6-22-09AM,1490048529980,8.0,3
2017-03-21-6-22-10AM,1490048530509,0.0,3
2017-03-21-6-22-11AM,1490048531014,8.0,3
2017-03-21-6-22-11AM,1490048531666,0.0,3
2017-03-21-6-22-12AM,1490048532107,8.0,3
2017-03-21-6-22-12AM,1490048532844,0.0,3
2017-03-21-6-22-13AM,1490048533039,8.0,3
2017-03-21-6-22-13AM,1490048533488,0.0,3
2017-03-21-6-22-14AM,1490048534007,8.0,3
2017-03-21-6-22-14AM,1490048534575,0.0,3
2017-03-21-6-22-15AM,1490048535089,8.0,3
2017-03-21-6-22-15AM,1490048535626,0.0,3
2017-03-21-6-22-16AM,1490048536149,8.0,3
2017-03-21-6-22-16AM,1490048536713,0.0,3
2017-03-21-6-22-17AM,1490048537187,8.0,3
2017-03-21-6-22-17AM,1490048537680,0.0,3
2017-03-21-6-22-18AM,1490048538229,8.0,3
2017-03-21-6-22-19AM,1490048539053,0.0,3
2017-03-21-6-22-19AM,1490048539269,8.0,3
2017-03-21-6-22-19AM,1490048539835,0.0,3
2017-03-21-6-22-20AM,1490048540330,8.0,3
2017-03-21-6-22-20AM,1490048540848,0.0,3
2017-03-21-6-22-21AM,1490048541359,8.0,3
2017-03-21-6-22-21AM,1490048541874,0.0,3
2017-03-21-6-22-22AM,1490048542413,8.0,3
2017-03-21-6-22-22AM,1490048542854,0.0,3
2017-03-21-6-22-23AM,1490048543179,8.0,3
2017-03-21-6-22-23AM,1490048543293,0.0,3
2017-03-21-6-22-23AM,1490048543472,8.0,3
2017-03-21-6-22-23AM,1490048543899,0.0,3
2017-03-21-6-22-24AM,1490048544479,8.0,3
2017-03-21-6-22-24AM,1490048544967,0.0,3
2017-03-21-6-22-25AM,1490048545543,8.0,3
2017-03-21-6-22-26AM,1490048546138,0.0,3
2017-03-21-6-22-26AM,1490048546645,8.0,3
2017-03-21-6-22-27AM,1490048547321,0.0,3
2017-03-21-6-22-28AM,1490048548124,8.0,3
2017-03-21-6-22-28AM,1490048548738,0.0,3
2017-03-21-6-22-29AM,1490048549570,8.0,3
2017-03-21-6-22-30AM,1490048550025,0.0,3
2017-03-21-6-22-30AM,1490048550654,8.0,3
2017-03-21-6-22-31AM,1490048551168,0.0,3
2017-03-21-6-22-31AM,1490048551721,8.0,3
2017-03-21-6-22-32AM,1490048552108,0.0,3
2017-03-21-6-22-32AM,1490048552723,8.0,3
2017-03-21-6-22-33AM,1490048553151,0.0,3
2017-03-21-6-22-33AM,1490048553785,8.0,3
2017-03-21-6-22-34AM,1490048554208,0.0,3
2017-03-21-6-22-34AM,1490048554836,8.0,3
2017-03-21-6-22-35AM,1490048555386,0.0,3
2017-03-21-6-22-36AM,1490048556036,8.0,3
2017-03-21-6-22-36AM,1490048556712,0.0,3
2017-03-21-6-22-37AM,1490048557280,8.0,3
2017-03-21-6-22-38AM,1490048558049,0.0,3
2017-03-21-6-22-38AM,1490048558738,8.0,3
2017-03-21-6-22-39AM,1490048559201,0.0,3
2017-03-21-6-22-39AM,1490048559869,8.0,3
2017-03-21-6-22-40AM,1490048560290,0.0,3
2017-03-21-6-22-40AM,1490048560869,8.0,3
2017-03-21-6-22-41AM,1490048561341,0.0,3
2017-03-21-6-22-41AM,1490048561989,8.0,3
2017-03-21-6-22-42AM,1490048562313,0.0,3
2017-03-21-6-22-42AM,1490048562945,8.0,3
2017-03-21-6-22-43AM,1490048563396,0.0,3
2017-03-21-6-22-44AM,1490048564037,8.0,3
2017-03-21-6-22-44AM,1490048564477,0.0,3
2017-03-21-6-22-45AM,1490048565148,8.0,3
2017-03-21-6-22-45AM,1490048565457,0.0,3
2017-03-21-6-22-46AM,1490048566141,8.0,3
2017-03-21-6-22-46AM,1490048566581,0.0,3
2017-03-21-6-22-47AM,1490048567242,8.0,3
2017-03-21-6-22-47AM,1490048567559,0.0,3
2017-03-21-6-22-48AM,1490048568209,8.0,3
2017-03-21-6-22-48AM,1490048568530,0.0,3
2017-03-21-6-22-49AM,1490048569197,8.0,3
2017-03-21-6-22-49AM,1490048569651,0.0,3
2017-03-21-6-22-50AM,1490048570219,8.0,3
2017-03-21-6-22-50AM,1490048570659,0.0,3
2017-03-21-6-22-51AM,1490048571255,8.0,3
2017-03-21-6-22-56AM,1490048576486,0.0,3
2017-03-21-6-22-57AM,1490048577434,8.0,3
2017-03-21-6-22-57AM,1490048577765,0.0,3
2017-03-21-6-22-58AM,1490048578063,8.0,3
2017-03-21-6-22-58AM,1490048578295,0.0,3
2017-03-21-6-22-58AM,1490048578506,8.0,3
2017-03-21-6-22-58AM,1490048578814,0.0,3
2017-03-21-6-22-59AM,1490048579170,8.0,3
2017-03-21-6-22-59AM,1490048579313,0.0,3
2017-03-21-6-22-59AM,1490048579481,8.0,3
2017-03-21-6-22-59AM,1490048579906,0.0,3
2017-03-21-6-23-00AM,1490048580153,8.0,3
2017-03-21-6-23-00AM,1490048580323,0.0,3
2017-03-21-6-23-00AM,1490048580571,8.0,3
2017-03-21-6-23-00AM,1490048580822,0.0,3
2017-03-21-6-23-01AM,1490048581257,8.0,3
2017-03-21-6-23-01AM,1490048581325,0.0,3
2017-03-21-6-23-01AM,1490048581550,8.0,3
2017-03-21-6-23-01AM,1490048581863,0.0,3
2017-03-21-6-23-02AM,1490048582622,8.0,3
2017-03-21-6-23-02AM,1490048582825,0.0,3
2017-03-21-6-23-03AM,1490048583202,8.0,3
2017-03-21-6-23-03AM,1490048583334,0.0,3
2017-03-21-6-23-03AM,1490048583576,8.0,3
2017-03-21-6-23-03AM,1490048583902,0.0,3
2017-03-21-6-23-04AM,1490048584226,8.0,3
2017-03-21-6-23-04AM,1490048584473,0.0,3
2017-03-21-6-23-04AM,1490048584496,8.0,3
2017-03-21-6-23-04AM,1490048584917,0.0,3
2017-03-21-6-23-05AM,1490048585678,8.0,3
2017-03-21-6-23-05AM,1490048585892,0.0,3
2017-03-21-6-23-06AM,1490048586617,8.0,3
2017-03-21-6-23-06AM,1490048586947,0.0,3
2017-03-21-6-23-07AM,1490048587727,8.0,3
2017-03-21-6-23-07AM,1490048587983,0.0,3
2017-03-21-6-23-08AM,1490048588730,8.0,3
2017-03-21-6-23-09AM,1490048589036,0.0,3
2017-03-21-6-23-09AM,1490048589864,8.0,3
2017-03-21-6-23-13AM,1490048593083,0.0,3
2017-03-21-6-23-13AM,1490048593887,8.0,3
2017-03-21-6-23-14AM,1490048594182,0.0,3
2017-03-21-6-23-19AM,1490048599187,8.0,3
2017-03-21-6-23-19AM,1490048599311,0.0,3
2017-03-21-6-23-20AM,1490048600003,8.0,3
2017-03-21-6-23-20AM,1490048600401,0.0,3
2017-03-21-6-23-21AM,1490048601057,8.0,3
2017-03-21-6-23-21AM,1490048601432,0.0,3
2017-03-21-6-23-22AM,1490048602153,8.0,3
2017-03-21-6-23-22AM,1490048602491,0.0,3
2017-03-21-6-23-23AM,1490048603254,8.0,3
2017-03-21-6-23-23AM,1490048603566,0.0,3
2017-03-21-6-23-24AM,1490048604319,8.0,3
2017-03-21-6-23-24AM,1490048604569,0.0,3
2017-03-21-6-23-25AM,1490048605319,8.0,3
2017-03-21-6-23-25AM,1490048605631,0.0,3
2017-03-21-6-23-26AM,1490048606314,8.0,3
2017-03-21-6-23-26AM,1490048606663,0.0,3
2017-03-21-6-23-27AM,1490048607349,8.0,3
2017-03-21-6-23-27AM,1490048607697,0.0,3
2017-03-21-6-23-28AM,1490048608410,8.0,3
2017-03-21-6-23-28AM,1490048608709,0.0,3
2017-03-21-6-23-29AM,1490048609380,8.0,3
2017-03-21-6-23-29AM,1490048609752,0.0,3
2017-03-21-6-23-30AM,1490048610431,8.0,3
2017-03-21-6-23-30AM,1490048610805,0.0,3
2017-03-21-6-23-31AM,1490048611453,8.0,3
2017-03-21-6-23-31AM,1490048611854,0.0,3
2017-03-21-6-23-32AM,1490048612460,8.0,3
2017-03-21-6-23-32AM,1490048612815,0.0,3
2017-03-21-6-23-33AM,1490048613486,8.0,3
2017-03-21-6-23-33AM,1490048613941,0.0,3
2017-03-21-6-23-34AM,1490048614507,8.0,3
2017-03-21-6-23-34AM,1490048614903,0.0,3
2017-03-21-6-23-35AM,1490048615618,8.0,3
2017-03-21-6-23-36AM,1490048616018,0.0,3
2017-03-21-6-23-36AM,1490048616664,8.0,3
2017-03-21-6-23-36AM,1490048616984,0.0,3
2017-03-21-6-23-37AM,1490048617567,8.0,3
2017-03-21-6-23-40AM,1490048620019,0.0,3
2017-03-21-6-23-40AM,1490048620410,8.0,3
2017-03-21-6-23-40AM,1490048620591,0.0,3
2017-03-21-6-23-40AM,1490048620781,8.0,3
2017-03-21-6-23-41AM,1490048621231,0.0,3
2017-03-21-6-23-41AM,1490048621396,8.0,3
2017-03-21-6-23-42AM,1490048622533,0.0,3
2017-03-21-6-23-43AM,1490048623042,8.0,3
2017-03-21-6-23-43AM,1490048623215,0.0,3
2017-03-21-6-23-43AM,1490048623930,8.0,3
2017-03-21-6-23-44AM,1490048624323,0.0,3
2017-03-21-6-23-45AM,1490048625013,8.0,3
2017-03-21-6-23-45AM,1490048625426,0.0,3
2017-03-21-6-23-46AM,1490048626224,8.0,3
2017-03-21-6-23-46AM,1490048626627,0.0,3
2017-03-21-6-23-47AM,1490048627296,8.0,3
2017-03-21-6-23-47AM,1490048627809,0.0,3
2017-03-21-6-23-48AM,1490048628635,8.0,3
2017-03-21-6-23-48AM,1490048628768,0.0,3
2017-03-21-6-23-49AM,1490048629657,8.0,3
2017-03-21-6-23-49AM,1490048629863,0.0,3
2017-03-21-6-23-50AM,1490048630726,8.0,3
2017-03-21-6-23-51AM,1490048631017,0.0,3
2017-03-21-6-23-51AM,1490048631662,8.0,3
2017-03-21-6-23-51AM,1490048631979,0.0,3
2017-03-21-6-23-52AM,1490048632737,8.0,3
2017-03-21-6-23-53AM,1490048633037,0.0,3
2017-03-21-6-23-53AM,1490048633832,8.0,3
2017-03-21-6-23-54AM,1490048634086,0.0,3
2017-03-21-6-23-54AM,1490048634863,8.0,3
2017-03-21-6-23-55AM,1490048635185,0.0,3
2017-03-21-6-23-56AM,1490048636014,8.0,3
2017-03-21-6-23-56AM,1490048636283,0.0,3
2017-03-21-6-23-57AM,1490048637249,8.0,3
2017-03-21-6-23-57AM,1490048637412,0.0,3
2017-03-21-6-23-58AM,1490048638189,8.0,3
2017-03-21-6-23-58AM,1490048638528,0.0,3
2017-03-21-6-23-59AM,1490048639329,8.0,3
2017-03-21-6-23-59AM,1490048639701,0.0,3
2017-03-21-6-24-00AM,1490048640377,8.0,3
2017-03-21-6-24-00AM,1490048640853,0.0,3
2017-03-21-6-24-01AM,1490048641254,8.0,3
2017-03-21-6-24-01AM,1490048641364,0.0,3
2017-03-21-6-24-01AM,1490048641492,8.0,3
2017-03-21-6-24-02AM,1490048642018,0.0,3
2017-03-21-6-24-02AM,1490048642665,8.0,3
2017-03-21-6-24-04AM,1490048644859,0.0,3
2017-03-21-6-24-04AM,1490048644967,8.0,3
2017-03-21-6-24-05AM,1490048645500,0.0,3
2017-03-21-6-24-05AM,1490048645715,8.0,3
2017-03-21-6-24-06AM,1490048646021,0.0,3
2017-03-21-6-24-06AM,1490048646116,8.0,3
2017-03-21-6-24-06AM,1490048646652,0.0,3
2017-03-21-6-24-06AM,1490048646897,8.0,3
2017-03-21-6-24-07AM,1490048647140,0.0,3
2017-03-21-6-24-07AM,1490048647220,8.0,3
2017-03-21-6-24-07AM,1490048647837,0.0,3
2017-03-21-6-24-08AM,1490048648066,8.0,3
2017-03-21-6-24-08AM,1490048648236,0.0,3
2017-03-21-6-24-08AM,1490048648363,8.0,3
2017-03-21-6-24-08AM,1490048648859,0.0,3
2017-03-21-6-24-09AM,1490048649107,8.0,3
2017-03-21-6-24-09AM,1490048649276,0.0,3
2017-03-21-6-24-09AM,1490048649419,8.0,3
2017-03-21-6-24-09AM,1490048649929,0.0,3
2017-03-21-6-24-10AM,1490048650154,8.0,3
2017-03-21-6-24-10AM,1490048650351,0.0,3
2017-03-21-6-24-10AM,1490048650503,8.0,3
2017-03-21-6-24-10AM,1490048650925,0.0,3
2017-03-21-6-24-11AM,1490048651221,8.0,3
2017-03-21-6-24-11AM,1490048651371,0.0,3
2017-03-21-6-24-11AM,1490048651539,8.0,3
2017-03-21-6-24-12AM,1490048652059,0.0,3
2017-03-21-6-24-12AM,1490048652570,8.0,3
2017-03-21-6-24-15AM,1490048655246,0.0,3
2017-03-21-6-24-15AM,1490048655550,8.0,3
2017-03-21-6-24-15AM,1490048655783,0.0,3
2017-03-21-6-24-15AM,1490048655910,8.0,3
2017-03-21-6-24-16AM,1490048656409,0.0,3
2017-03-21-6-24-16AM,1490048656996,8.0,3
2017-03-21-6-24-21AM,1490048661089,0.0,3
2017-03-21-6-24-21AM,1490048661267,8.0,3
2017-03-21-6-24-21AM,1490048661522,0.0,3
2017-03-21-6-24-21AM,1490048661627,8.0,3
2017-03-21-6-24-22AM,1490048662189,0.0,3
2017-03-21-6-24-22AM,1490048662409,8.0,3
2017-03-21-6-24-22AM,1490048662729,0.0,3
2017-03-21-6-24-22AM,1490048662870,8.0,3
2017-03-21-6-24-23AM,1490048663388,0.0,3
2017-03-21-6-24-23AM,1490048663723,8.0,3
2017-03-21-6-24-23AM,1490048663910,0.0,3
2017-03-21-6-24-24AM,1490048664026,8.0,3
2017-03-21-6-24-24AM,1490048664554,0.0,3
2017-03-21-6-24-24AM,1490048664846,8.0,3
2017-03-21-6-24-25AM,1490048665113,0.0,3
2017-03-21-6-24-25AM,1490048665246,8.0,3
2017-03-21-6-24-25AM,1490048665725,0.0,3
2017-03-21-6-24-26AM,1490048666311,8.0,3
2017-03-21-6-24-26AM,1490048666836,0.0,3
2017-03-21-6-24-27AM,1490048667128,8.0,3
2017-03-21-6-24-27AM,1490048667276,0.0,3
2017-03-21-6-24-27AM,1490048667466,8.0,3
2017-03-21-6-24-27AM,1490048667931,0.0,3
2017-03-21-6-24-28AM,1490048668239,8.0,3
2017-03-21-6-24-28AM,1490048668475,0.0,3
2017-03-21-6-24-28AM,1490048668673,8.0,3
2017-03-21-6-24-29AM,1490048669058,0.0,3
2017-03-21-6-24-29AM,1490048669740,8.0,3
2017-03-21-6-24-30AM,1490048670200,0.0,3
2017-03-21-6-24-30AM,1490048670536,8.0,3
2017-03-21-6-24-30AM,1490048670682,0.0,3
2017-03-21-6-24-30AM,1490048670909,8.0,3
2017-03-21-6-24-31AM,1490048671337,0.0,3
2017-03-21-6-24-31AM,1490048671659,8.0,3
2017-03-21-6-24-31AM,1490048671829,0.0,3
2017-03-21-6-24-31AM,1490048671952,8.0,3
2017-03-21-6-24-32AM,1490048672455,0.0,3
2017-03-21-6-24-33AM,1490048673061,8.0,3
2017-03-21-6-24-33AM,1490048673577,0.0,3
2017-03-21-6-24-34AM,1490048674206,8.0,3
2017-03-21-6-24-34AM,1490048674747,0.0,3
2017-03-21-6-24-35AM,1490048675439,8.0,3
2017-03-21-6-24-35AM,1490048675843,0.0,3
2017-03-21-6-24-36AM,1490048676516,8.0,3
2017-03-21-6-24-36AM,1490048676904,0.0,3
2017-03-21-6-24-37AM,1490048677185,8.0,3
2017-03-21-6-24-37AM,1490048677345,0.0,3
2017-03-21-6-24-37AM,1490048677533,8.0,3
2017-03-21-6-24-37AM,1490048677941,0.0,3
2017-03-21-6-24-38AM,1490048678194,8.0,3
2017-03-21-6-24-38AM,1490048678397,0.0,3
2017-03-21-6-24-38AM,1490048678630,8.0,3
2017-03-21-6-24-38AM,1490048678999,0.0,3
2017-03-21-6-24-39AM,1490048679216,8.0,3
2017-03-21-6-24-39AM,1490048679350,0.0,3
2017-03-21-6-24-39AM,1490048679671,8.0,3
2017-03-21-6-24-40AM,1490048680050,0.0,3
2017-03-21-6-24-40AM,1490048680659,8.0,3
2017-03-21-6-24-41AM,1490048681107,0.0,3
2017-03-21-6-24-41AM,1490048681754,8.0,3
2017-03-21-6-24-42AM,1490048682281,0.0,3
2017-03-21-6-24-42AM,1490048682907,8.0,3
2017-03-21-6-24-43AM,1490048683365,0.0,3
2017-03-21-6-24-43AM,1490048683668,8.0,3
2017-03-21-6-24-43AM,1490048683841,0.0,3
2017-03-21-6-24-44AM,1490048684108,8.0,3
2017-03-21-6-24-44AM,1490048684465,0.0,3
2017-03-21-6-24-45AM,1490048685115,8.0,3
2017-03-21-6-24-45AM,1490048685514,0.0,3
2017-03-21-6-24-45AM,1490048685990,8.0,3
2017-03-21-6-24-48AM,1490048688829,0.0,3
2017-03-21-6-24-49AM,1490048689494,8.0,3
2017-03-21-6-24-50AM,1490048690008,0.0,3
2017-03-21-6-24-50AM,1490048690669,8.0,3
2017-03-21-6-24-51AM,1490048691068,0.0,3
2017-03-21-6-24-51AM,1490048691477,8.0,3
2017-03-21-6-25-02AM,1490048702474,0.0,3
2017-03-21-6-25-02AM,1490048702755,8.0,3
2017-03-21-6-25-03AM,1490048703011,0.0,3
2017-03-21-6-25-03AM,1490048703189,8.0,3
2017-03-21-6-25-03AM,1490048703661,0.0,3
2017-03-21-6-25-04AM,1490048704428,8.0,3
2017-03-21-6-25-04AM,1490048704879,0.0,3
2017-03-21-6-25-05AM,1490048705620,8.0,3
2017-03-21-6-25-06AM,1490048706054,0.0,3
2017-03-21-6-25-06AM,1490048706729,8.0,3
2017-03-21-6-25-07AM,1490048707195,0.0,3
2017-03-21-6-25-07AM,1490048707839,8.0,3
2017-03-21-6-25-08AM,1490048708368,0.0,3
2017-03-21-6-25-09AM,1490048709040,8.0,3
2017-03-21-6-25-09AM,1490048709553,0.0,3
2017-03-21-6-25-10AM,1490048710326,8.0,3
2017-03-21-6-25-10AM,1490048710686,0.0,3
2017-03-21-6-25-11AM,1490048711398,8.0,3
2017-03-21-6-25-11AM,1490048711760,0.0,3
2017-03-21-6-25-12AM,1490048712458,8.0,3
2017-03-21-6-25-14AM,1490048714074,0.0,3
2017-03-21-6-25-14AM,1490048714221,8.0,3
2017-03-21-6-25-14AM,1490048714678,0.0,3
2017-03-21-6-25-14AM,1490048714815,8.0,3
2017-03-21-6-25-15AM,1490048715345,0.0,3
2017-03-21-6-25-15AM,1490048715654,8.0,3
2017-03-21-6-25-15AM,1490048715860,0.0,3
2017-03-21-6-25-16AM,1490048716011,8.0,3
2017-03-21-6-25-16AM,1490048716528,0.0,3
2017-03-21-6-25-16AM,1490048716905,8.0,3
2017-03-21-6-25-17AM,1490048717028,0.0,3
2017-03-21-6-25-17AM,1490048717224,8.0,3
2017-03-21-6-25-17AM,1490048717649,0.0,3
2017-03-21-6-25-18AM,1490048718407,8.0,3
2017-03-21-6-25-18AM,1490048718828,0.0,3
2017-03-21-6-25-19AM,1490048719531,8.0,3
2017-03-21-6-25-20AM,1490048720053,0.0,3
2017-03-21-6-25-20AM,1490048720697,8.0,3
2017-03-21-6-25-21AM,1490048721193,0.0,3
2017-03-21-6-25-21AM,1490048721868,8.0,3
2017-03-21-6-25-22AM,1490048722351,0.0,3
2017-03-21-6-25-23AM,1490048723032,8.0,3
2017-03-21-6-25-23AM,1490048723521,0.0,3
2017-03-21-6-25-24AM,1490048724172,8.0,3
2017-03-21-6-25-24AM,1490048724705,0.0,3
2017-03-21-6-25-25AM,1490048725312,8.0,3
2017-03-21-6-25-25AM,1490048725864,0.0,3
2017-03-21-6-25-26AM,1490048726535,8.0,3
2017-03-21-6-25-27AM,1490048727058,0.0,3
2017-03-21-6-25-27AM,1490048727672,8.0,3
2017-03-21-6-25-28AM,1490048728178,0.0,3
2017-03-21-6-25-28AM,1490048728864,8.0,3
2017-03-21-6-25-29AM,1490048729294,0.0,3
2017-03-21-6-25-29AM,1490048729958,8.0,3
2017-03-21-6-25-30AM,1490048730438,0.0,3
2017-03-21-6-25-31AM,1490048731126,8.0,3
2017-03-21-6-25-31AM,1490048731614,0.0,3
2017-03-21-6-25-32AM,1490048732291,8.0,3
2017-03-21-6-25-32AM,1490048732710,0.0,3
2017-03-21-6-25-33AM,1490048733361,8.0,3
2017-03-21-6-25-33AM,1490048733810,0.0,3
2017-03-21-6-25-34AM,1490048734537,8.0,3
2017-03-21-6-25-35AM,1490048735001,0.0,3
2017-03-21-6-25-35AM,1490048735701,8.0,3
2017-03-21-6-25-36AM,1490048736131,0.0,3
2017-03-21-6-25-36AM,1490048736829,8.0,3
2017-03-21-6-25-37AM,1490048737274,0.0,3
2017-03-21-6-25-38AM,1490048738001,8.0,3
2017-03-21-6-25-38AM,1490048738446,0.0,3
2017-03-21-6-25-38AM,1490048738797,8.0,3
2017-03-21-6-25-39AM,1490048739001,0.0,3
2017-03-21-6-25-39AM,1490048739108,8.0,3
2017-03-21-6-25-39AM,1490048739664,0.0,3
2017-03-21-6-25-40AM,1490048740265,8.0,3
2017-03-21-6-25-40AM,1490048740786,0.0,3
2017-03-21-6-25-41AM,1490048741457,8.0,3
2017-03-21-6-25-41AM,1490048741948,0.0,3
2017-03-21-6-25-42AM,1490048742609,8.0,3
2017-03-21-6-25-43AM,1490048743124,0.0,3
2017-03-21-6-25-43AM,1490048743742,8.0,3
2017-03-21-6-25-44AM,1490048744266,0.0,3
2017-03-21-6-25-44AM,1490048744900,8.0,3
2017-03-21-6-25-45AM,1490048745330,0.0,3
2017-03-21-6-25-46AM,1490048746105,8.0,3
2017-03-21-6-25-46AM,1490048746438,0.0,3
2017-03-21-6-25-47AM,1490048747167,8.0,3
2017-03-21-6-25-47AM,1490048747452,0.0,3
2017-03-21-6-25-48AM,1490048748271,8.0,3
2017-03-21-6-25-48AM,1490048748587,0.0,3
2017-03-21-6-25-49AM,1490048749326,8.0,3
2017-03-21-6-25-49AM,1490048749715,0.0,3
2017-03-21-6-25-50AM,1490048750475,8.0,3
2017-03-21-6-25-50AM,1490048750770,0.0,3
2017-03-21-6-25-51AM,1490048751724,8.0,3
2017-03-21-6-25-51AM,1490048751914,0.0,3
2017-03-21-6-25-53AM,1490048753917,8.0,3
2017-03-21-6-25-54AM,1490048754191,0.0,3
2017-03-21-6-25-55AM,1490048755022,8.0,3
2017-03-21-6-25-55AM,1490048755394,0.0,3
2017-03-21-6-25-56AM,1490048756119,8.0,3
2017-03-21-6-25-56AM,1490048756559,0.0,3
2017-03-21-6-25-57AM,1490048757181,8.0,3
2017-03-21-6-25-57AM,1490048757604,0.0,3
2017-03-21-6-25-58AM,1490048758314,8.0,3
2017-03-21-6-25-58AM,1490048758766,0.0,3
2017-03-21-6-25-59AM,1490048759423,8.0,3
2017-03-21-6-25-59AM,1490048759864,0.0,3
2017-03-21-6-26-00AM,1490048760599,8.0,3
2017-03-21-6-26-01AM,1490048761017,0.0,3
2017-03-21-6-26-01AM,1490048761751,8.0,3
2017-03-21-6-26-02AM,1490048762145,0.0,3
2017-03-21-6-26-02AM,1490048762906,8.0,3
2017-03-21-6-26-03AM,1490048763261,0.0,3
2017-03-21-6-26-03AM,1490048763961,8.0,3
2017-03-21-6-26-04AM,1490048764444,0.0,3
2017-03-21-6-26-05AM,1490048765081,8.0,3
2017-03-21-6-26-05AM,1490048765551,0.0,3
2017-03-21-6-26-06AM,1490048766249,8.0,3
2017-03-21-6-26-06AM,1490048766705,0.0,3
2017-03-21-6-26-07AM,1490048767258,8.0,3
2017-03-21-6-26-07AM,1490048767922,0.0,3
2017-03-21-6-26-08AM,1490048768654,8.0,3
2017-03-21-6-26-09AM,1490048769055,0.0,3
2017-03-21-6-26-09AM,1490048769664,8.0,3
2017-03-21-6-26-10AM,1490048770171,0.0,3
2017-03-21-6-26-10AM,1490048770849,8.0,3
2017-03-21-6-26-11AM,1490048771336,0.0,3
2017-03-21-6-26-12AM,1490048772011,8.0,3
2017-03-21-6-26-12AM,1490048772518,0.0,3
2017-03-21-6-26-13AM,1490048773198,8.0,3
2017-03-21-6-26-13AM,1490048773680,0.0,3
2017-03-21-6-26-14AM,1490048774369,8.0,3
2017-03-21-6-26-14AM,1490048774823,0.0,3
2017-03-21-6-26-15AM,1490048775525,8.0,3
2017-03-21-6-26-15AM,1490048775955,0.0,3
2017-03-21-6-26-16AM,1490048776651,8.0,3
2017-03-21-6-26-17AM,1490048777094,0.0,3
2017-03-21-6-26-17AM,1490048777740,8.0,3
2017-03-21-6-26-18AM,1490048778189,0.0,3
2017-03-21-6-26-18AM,1490048778875,8.0,3
2017-03-21-6-26-19AM,1490048779236,0.0,3
2017-03-21-6-26-19AM,1490048779964,8.0,3
2017-03-21-6-26-20AM,1490048780379,0.0,3
2017-03-21-6-26-21AM,1490048781059,8.0,3
2017-03-21-6-26-21AM,1490048781518,0.0,3
2017-03-21-6-26-22AM,1490048782303,8.0,3
2017-03-21-6-26-22AM,1490048782938,0.0,3
2017-03-21-6-26-23AM,1490048783506,8.0,3
2017-03-21-6-26-23AM,1490048783886,0.0,3
2017-03-21-6-26-24AM,1490048784208,8.0,3
2017-03-21-6-26-24AM,1490048784371,0.0,3
2017-03-21-6-26-24AM,1490048784446,8.0,3
2017-03-21-6-26-30AM,1490048790467,0.0,3
2017-03-21-6-26-31AM,1490048791230,8.0,3
2017-03-21-6-26-31AM,1490048791680,0.0,3
2017-03-21-6-26-32AM,1490048792354,8.0,3
2017-03-21-6-26-32AM,1490048792815,0.0,3
2017-03-21-6-26-33AM,1490048793162,8.0,3
2017-03-21-6-26-33AM,1490048793324,0.0,3
2017-03-21-6-26-33AM,1490048793501,8.0,3
2017-03-21-6-26-33AM,1490048793957,0.0,3
2017-03-21-6-26-34AM,1490048794614,8.0,3
2017-03-21-6-26-35AM,1490048795019,0.0,3
2017-03-21-6-26-35AM,1490048795749,8.0,3
2017-03-21-6-26-36AM,1490048796214,0.0,3
2017-03-21-6-26-36AM,1490048796911,8.0,3
2017-03-21-6-26-37AM,1490048797353,0.0,3
2017-03-21-6-26-38AM,1490048798061,8.0,3
2017-03-21-6-26-38AM,1490048798461,0.0,3
2017-03-21-6-26-39AM,1490048799183,8.0,3
2017-03-21-6-26-39AM,1490048799689,0.0,3
2017-03-21-6-26-40AM,1490048800325,8.0,3
2017-03-21-6-26-40AM,1490048800744,0.0,3
2017-03-21-6-26-41AM,1490048801415,8.0,3
2017-03-21-6-26-41AM,1490048801885,0.0,3
2017-03-21-6-26-42AM,1490048802500,8.0,3
2017-03-21-6-26-42AM,1490048802967,0.0,3
2017-03-21-6-26-43AM,1490048803530,8.0,3
2017-03-21-6-26-44AM,1490048804060,0.0,3
2017-03-21-6-26-44AM,1490048804610,8.0,3
2017-03-21-6-26-45AM,1490048805150,0.0,3
2017-03-21-6-26-45AM,1490048805779,8.0,3
2017-03-21-6-26-46AM,1490048806281,0.0,3
2017-03-21-6-26-46AM,1490048806870,8.0,3
2017-03-21-6-26-47AM,1490048807371,0.0,3
2017-03-21-6-26-47AM,1490048807986,8.0,3
2017-03-21-6-26-48AM,1490048808515,0.0,3
2017-03-21-6-26-49AM,1490048809066,8.0,3
2017-03-21-6-26-49AM,1490048809567,0.0,3
2017-03-21-6-26-50AM,1490048810185,8.0,3
2017-03-21-6-26-50AM,1490048810716,0.0,3
2017-03-21-6-26-51AM,1490048811187,8.0,3
2017-03-21-6-26-51AM,1490048811674,0.0,3
2017-03-21-6-26-52AM,1490048812268,8.0,3
2017-03-21-6-26-52AM,1490048812815,0.0,3
2017-03-21-6-26-53AM,1490048813414,8.0,3
2017-03-21-6-26-53AM,1490048813875,0.0,3
2017-03-21-6-26-54AM,1490048814424,8.0,3
2017-03-21-6-26-55AM,1490048815001,0.0,3
2017-03-21-6-26-55AM,1490048815612,8.0,3
2017-03-21-6-26-56AM,1490048816000,0.0,3
2017-03-21-6-26-56AM,1490048816285,8.0,3
2017-03-21-6-26-56AM,1490048816509,0.0,3
2017-03-21-6-26-56AM,1490048816639,8.0,3
2017-03-21-6-26-57AM,1490048817116,0.0,3
2017-03-21-6-26-57AM,1490048817444,8.0,3
2017-03-21-6-26-57AM,1490048817594,0.0,3
2017-03-21-6-26-57AM,1490048817735,8.0,3
2017-03-21-6-27-00AM,1490048820417,0.0,3
2017-03-21-6-27-01AM,1490048821070,8.0,3
2017-03-21-6-27-01AM,1490048821548,0.0,3
2017-03-21-6-27-02AM,1490048822149,8.0,3
2017-03-21-6-27-02AM,1490048822619,0.0,3
2017-03-21-6-27-03AM,1490048823231,8.0,3
2017-03-21-6-27-03AM,1490048823686,0.0,3
2017-03-21-6-27-04AM,1490048824306,8.0,3
2017-03-21-6-27-04AM,1490048824729,0.0,3
2017-03-21-6-27-05AM,1490048825406,8.0,3
2017-03-21-6-27-05AM,1490048825852,0.0,3
2017-03-21-6-27-06AM,1490048826509,8.0,3
2017-03-21-6-27-06AM,1490048826951,0.0,3
2017-03-21-6-27-07AM,1490048827596,8.0,3
2017-03-21-6-27-08AM,1490048828094,0.0,3
2017-03-21-6-27-08AM,1490048828796,8.0,3
2017-03-21-6-27-09AM,1490048829186,0.0,3
2017-03-21-6-27-09AM,1490048829926,8.0,3
2017-03-21-6-27-10AM,1490048830300,0.0,3
2017-03-21-6-27-10AM,1490048830906,8.0,3
2017-03-21-6-27-11AM,1490048831432,0.0,3
2017-03-21-6-27-11AM,1490048831991,8.0,3
2017-03-21-6-27-12AM,1490048832530,0.0,3
2017-03-21-6-27-13AM,1490048833071,8.0,3
2017-03-21-6-27-13AM,1490048833566,0.0,3
2017-03-21-6-27-14AM,1490048834170,8.0,3
2017-03-21-6-27-14AM,1490048834657,0.0,3
2017-03-21-6-27-15AM,1490048835248,8.0,3
2017-03-21-6-27-15AM,1490048835768,0.0,3
2017-03-21-6-27-16AM,1490048836334,8.0,3
2017-03-21-6-27-16AM,1490048836800,0.0,3
2017-03-21-6-27-17AM,1490048837412,8.0,3
2017-03-21-6-27-17AM,1490048837890,0.0,3
2017-03-21-6-27-18AM,1490048838522,8.0,3
2017-03-21-6-27-19AM,1490048839000,0.0,3
2017-03-21-6-27-19AM,1490048839608,8.0,3
2017-03-21-6-27-20AM,1490048840084,0.0,3
2017-03-21-6-27-20AM,1490048840651,8.0,3
2017-03-21-6-27-21AM,1490048841155,0.0,3
2017-03-21-6-27-21AM,1490048841695,8.0,3
2017-03-21-6-27-22AM,1490048842236,0.0,3
2017-03-21-6-27-22AM,1490048842797,8.0,3
2017-03-21-6-27-23AM,1490048843272,0.0,3
2017-03-21-6-27-23AM,1490048843896,8.0,3
2017-03-21-6-27-24AM,1490048844319,0.0,3
2017-03-21-6-27-24AM,1490048844909,8.0,3
2017-03-21-6-27-25AM,1490048845447,0.0,3
2017-03-21-6-27-25AM,1490048845860,8.0,3
2017-03-21-6-27-26AM,1490048846382,0.0,3
2017-03-21-6-27-26AM,1490048846951,8.0,3
2017-03-21-6-27-27AM,1490048847407,0.0,3
2017-03-21-6-27-28AM,1490048848000,8.0,3
2017-03-21-6-27-28AM,1490048848437,0.0,3
2017-03-21-6-27-29AM,1490048849033,8.0,3
2017-03-21-6-27-29AM,1490048849485,0.0,3
2017-03-21-6-27-30AM,1490048850053,8.0,3
2017-03-21-6-27-30AM,1490048850544,0.0,3
2017-03-21-6-27-31AM,1490048851161,8.0,3
2017-03-21-6-27-31AM,1490048851550,0.0,3
2017-03-21-6-27-32AM,1490048852153,8.0,3
2017-03-21-6-27-32AM,1490048852625,0.0,3
2017-03-21-6-27-33AM,1490048853175,8.0,3
2017-03-21-6-27-34AM,1490048854892,0.0,3
2017-03-21-6-27-35AM,1490048855318,8.0,3
2017-03-21-6-27-35AM,1490048855818,0.0,3
2017-03-21-6-27-36AM,1490048856383,8.0,3
2017-03-21-6-27-36AM,1490048856825,0.0,3
2017-03-21-6-27-37AM,1490048857450,8.0,3
2017-03-21-6-27-37AM,1490048857888,0.0,3
2017-03-21-6-27-38AM,1490048858504,8.0,3
2017-03-21-6-27-38AM,1490048858995,0.0,3
2017-03-21-6-27-39AM,1490048859583,8.0,3
2017-03-21-6-27-40AM,1490048860004,0.0,3
2017-03-21-6-27-40AM,1490048860616,8.0,3
2017-03-21-6-27-41AM,1490048861055,0.0,3
2017-03-21-6-27-41AM,1490048861690,8.0,3
2017-03-21-6-27-42AM,1490048862104,0.0,3
2017-03-21-6-27-42AM,1490048862753,8.0,3
2017-03-21-6-27-43AM,1490048863226,0.0,3
2017-03-21-6-27-43AM,1490048863803,8.0,3
2017-03-21-6-27-44AM,1490048864251,0.0,3
2017-03-21-6-27-44AM,1490048864846,8.0,3
2017-03-21-6-27-45AM,1490048865367,0.0,3
2017-03-21-6-27-45AM,1490048865936,8.0,3
2017-03-21-6-27-46AM,1490048866458,0.0,3
2017-03-21-6-27-46AM,1490048866971,8.0,3
2017-03-21-6-27-47AM,1490048867411,0.0,3
2017-03-21-6-27-48AM,1490048868016,8.0,3
2017-03-21-6-27-48AM,1490048868497,0.0,3
2017-03-21-6-27-49AM,1490048869158,8.0,3
2017-03-21-6-27-49AM,1490048869537,0.0,3
2017-03-21-6-27-50AM,1490048870216,8.0,3
2017-03-21-6-27-50AM,1490048870627,0.0,3
2017-03-21-6-27-51AM,1490048871264,8.0,3
2017-03-21-6-27-51AM,1490048871628,0.0,3
2017-03-21-6-27-52AM,1490048872318,8.0,3
2017-03-21-6-27-52AM,1490048872676,0.0,3
2017-03-21-6-27-53AM,1490048873345,8.0,3
2017-03-21-6-27-53AM,1490048873786,0.0,3
2017-03-21-6-27-54AM,1490048874397,8.0,3
2017-03-21-6-27-54AM,1490048874806,0.0,3
2017-03-21-6-27-55AM,1490048875457,8.0,3
2017-03-21-6-27-55AM,1490048875816,0.0,3
2017-03-21-6-27-56AM,1490048876509,8.0,3
2017-03-21-6-27-56AM,1490048876879,0.0,3
2017-03-21-6-27-57AM,1490048877544,8.0,3
2017-03-21-6-27-57AM,1490048877986,0.0,3
2017-03-21-6-27-58AM,1490048878599,8.0,3
2017-03-21-6-27-59AM,1490048879007,0.0,3
2017-03-21-6-27-59AM,1490048879643,8.0,3
2017-03-21-6-28-00AM,1490048880149,0.0,3
2017-03-21-6-28-00AM,1490048880711,8.0,3
2017-03-21-6-28-01AM,1490048881037,0.0,3
2017-03-21-6-28-01AM,1490048881713,8.0,3
2017-03-21-6-28-02AM,1490048882104,0.0,3
2017-03-21-6-28-02AM,1490048882763,8.0,3
2017-03-21-6-28-03AM,1490048883156,0.0,3
2017-03-21-6-28-03AM,1490048883805,8.0,3
2017-03-21-6-28-04AM,1490048884199,0.0,3
2017-03-21-6-28-04AM,1490048884877,8.0,3
2017-03-21-6-28-05AM,1490048885244,0.0,3
2017-03-21-6-28-05AM,1490048885968,8.0,3
2017-03-21-6-28-06AM,1490048886285,0.0,3
2017-03-21-6-28-06AM,1490048886978,8.0,3
2017-03-21-6-28-07AM,1490048887312,0.0,3
2017-03-21-6-28-08AM,1490048888076,8.0,3
2017-03-21-6-28-08AM,1490048888347,0.0,3
2017-03-21-6-28-08AM,1490048888871,8.0,3
2017-03-21-6-28-10AM,1490048890423,0.0,3
2017-03-21-6-28-11AM,1490048891266,8.0,3
2017-03-21-6-28-11AM,1490048891563,0.0,3
2017-03-21-6-28-12AM,1490048892096,8.0,3
2017-03-21-6-28-50AM,1490048930511,0.0,3
2017-03-21-6-28-50AM,1490048930893,8.0,3
2017-03-21-6-28-51AM,1490048931370,0.0,3
2017-03-21-6-28-51AM,1490048931940,8.0,3
2017-03-21-6-28-52AM,1490048932373,0.0,3
2017-03-21-6-28-52AM,1490048932997,8.0,3
2017-03-21-6-28-53AM,1490048933456,0.0,3
2017-03-21-6-28-54AM,1490048934014,8.0,3
2017-03-21-6-28-54AM,1490048934500,0.0,3
2017-03-21-6-28-55AM,1490048935074,8.0,3
2017-03-21-6-28-55AM,1490048935517,0.0,3
2017-03-21-6-28-56AM,1490048936129,8.0,3
2017-03-21-6-28-56AM,1490048936552,0.0,3
2017-03-21-6-28-57AM,1490048937191,8.0,3
2017-03-21-6-28-57AM,1490048937635,0.0,3
2017-03-21-6-28-58AM,1490048938240,8.0,3
2017-03-21-6-28-58AM,1490048938717,0.0,3
2017-03-21-6-28-59AM,1490048939305,8.0,3
2017-03-21-6-28-59AM,1490048939774,0.0,3
2017-03-21-6-29-00AM,1490048940273,8.0,3
2017-03-21-6-29-00AM,1490048940802,0.0,3
2017-03-21-6-29-01AM,1490048941428,8.0,3
2017-03-21-6-29-01AM,1490048941884,0.0,3
2017-03-21-6-29-02AM,1490048942414,8.0,3
2017-03-21-6-29-02AM,1490048942886,0.0,3
2017-03-21-6-29-03AM,1490048943526,8.0,3
2017-03-21-6-29-03AM,1490048943947,0.0,3
2017-03-21-6-29-04AM,1490048944583,8.0,3
2017-03-21-6-29-05AM,1490048945001,0.0,3
2017-03-21-6-29-05AM,1490048945635,8.0,3
2017-03-21-6-29-06AM,1490048946034,0.0,3
2017-03-21-6-29-06AM,1490048946700,8.0,3
2017-03-21-6-29-07AM,1490048947119,0.0,3
2017-03-21-6-29-07AM,1490048947758,8.0,3
2017-03-21-6-29-08AM,1490048948191,0.0,3
2017-03-21-6-29-08AM,1490048948834,8.0,3
2017-03-21-6-29-09AM,1490048949230,0.0,3
2017-03-21-6-29-09AM,1490048949814,8.0,3
2017-03-21-6-29-10AM,1490048950280,0.0,3
2017-03-21-6-29-10AM,1490048950953,8.0,3
2017-03-21-6-29-11AM,1490048951406,0.0,3
2017-03-21-6-29-11AM,1490048951955,8.0,3
2017-03-21-6-29-12AM,1490048952368,0.0,3
2017-03-21-6-29-13AM,1490048953038,8.0,3
2017-03-21-6-29-13AM,1490048953430,0.0,3
2017-03-21-6-29-14AM,1490048954116,8.0,3
2017-03-21-6-29-14AM,1490048954473,0.0,3
2017-03-21-6-29-15AM,1490048955214,8.0,3
2017-03-21-6-29-15AM,1490048955586,0.0,3
2017-03-21-6-29-16AM,1490048956225,8.0,3
2017-03-21-6-29-16AM,1490048956675,0.0,3
2017-03-21-6-29-17AM,1490048957346,8.0,3
2017-03-21-6-29-17AM,1490048957758,0.0,3
2017-03-21-6-29-18AM,1490048958382,8.0,3
2017-03-21-6-29-18AM,1490048958867,0.0,3
2017-03-21-6-29-19AM,1490048959489,8.0,3
2017-03-21-6-29-19AM,1490048959956,0.0,3
2017-03-21-6-29-20AM,1490048960093,8.0,3
2017-03-21-6-29-25AM,1490048965182,0.0,3
2017-03-21-6-29-25AM,1490048965328,8.0,3
2017-03-21-6-29-26AM,1490048966275,0.0,3
2017-03-21-6-29-26AM,1490048966675,8.0,3
2017-03-21-6-29-27AM,1490048967277,0.0,3
2017-03-21-6-29-27AM,1490048967785,8.0,3
2017-03-21-6-29-28AM,1490048968629,0.0,3
2017-03-21-6-29-28AM,1490048968875,8.0,3
2017-03-21-6-29-29AM,1490048969449,0.0,3
2017-03-21-6-29-29AM,1490048969990,8.0,3
2017-03-21-6-29-30AM,1490048970534,0.0,3
2017-03-21-6-29-30AM,1490048970993,8.0,3
2017-03-21-6-29-31AM,1490048971528,0.0,3
2017-03-21-6-29-32AM,1490048972063,8.0,3
2017-03-21-6-29-32AM,1490048972539,0.0,3
2017-03-21-6-29-33AM,1490048973077,8.0,3
2017-03-21-6-29-33AM,1490048973574,0.0,3
2017-03-21-6-29-34AM,1490048974135,8.0,3
2017-03-21-6-29-34AM,1490048974659,0.0,3
2017-03-21-6-29-35AM,1490048975223,8.0,3
2017-03-21-6-29-35AM,1490048975721,0.0,3
2017-03-21-6-29-36AM,1490048976266,8.0,3
2017-03-21-6-29-36AM,1490048976798,0.0,3
2017-03-21-6-29-37AM,1490048977237,8.0,3
2017-03-21-6-29-37AM,1490048977850,0.0,3
2017-03-21-6-29-38AM,1490048978366,8.0,3
2017-03-21-6-29-38AM,1490048978889,0.0,3
2017-03-21-6-29-39AM,1490048979413,8.0,3
2017-03-21-6-29-39AM,1490048979938,0.0,3
2017-03-21-6-29-40AM,1490048980470,8.0,3
2017-03-21-6-29-41AM,1490048981018,0.0,3
2017-03-21-6-29-41AM,1490048981589,8.0,3
2017-03-21-6-29-42AM,1490048982035,0.0,3
2017-03-21-6-29-42AM,1490048982564,8.0,3
2017-03-21-6-29-43AM,1490048983099,0.0,3
2017-03-21-6-29-43AM,1490048983662,8.0,3
2017-03-21-6-29-44AM,1490048984105,0.0,3
2017-03-21-6-29-44AM,1490048984694,8.0,3
2017-03-21-6-29-45AM,1490048985167,0.0,3
2017-03-21-6-29-45AM,1490048985718,8.0,3
2017-03-21-6-29-46AM,1490048986307,0.0,3
2017-03-21-6-29-46AM,1490048986745,8.0,3
2017-03-21-6-29-47AM,1490048987316,0.0,3
2017-03-21-6-29-47AM,1490048987838,8.0,3
2017-03-21-6-29-48AM,1490048988371,0.0,3
2017-03-21-6-29-48AM,1490048988870,8.0,3
2017-03-21-6-29-49AM,1490048989382,0.0,3
2017-03-21-6-29-49AM,1490048989923,8.0,3
2017-03-21-6-29-50AM,1490048990419,0.0,3
2017-03-21-6-29-51AM,1490048991001,8.0,3
2017-03-21-6-29-51AM,1490048991483,0.0,3
2017-03-21-6-29-52AM,1490048992046,8.0,3
2017-03-21-6-29-52AM,1490048992535,0.0,3
2017-03-21-6-29-53AM,1490048993080,8.0,3
2017-03-21-6-29-53AM,1490048993614,0.0,3
2017-03-21-6-29-54AM,1490048994108,8.0,3
2017-03-21-6-29-54AM,1490048994613,0.0,3
2017-03-21-6-29-55AM,1490048995199,8.0,3
2017-03-21-6-29-56AM,1490048996979,0.0,3
2017-03-21-6-29-57AM,1490048997368,8.0,3
2017-03-21-6-29-57AM,1490048997719,0.0,3
2017-03-21-6-29-58AM,1490048998361,8.0,3
2017-03-21-6-29-58AM,1490048998801,0.0,3
2017-03-21-6-29-59AM,1490048999495,8.0,3
2017-03-21-6-29-59AM,1490048999832,0.0,3
2017-03-21-6-30-00AM,1490049000400,8.0,3
2017-03-21-6-30-00AM,1490049000851,0.0,3
2017-03-21-6-30-01AM,1490049001470,8.0,3
2017-03-21-6-30-02AM,1490049002004,0.0,3
2017-03-21-6-30-02AM,1490049002554,8.0,3
2017-03-21-6-30-03AM,1490049003021,0.0,3
2017-03-21-6-30-03AM,1490049003646,8.0,3
2017-03-21-6-30-04AM,1490049004131,0.0,3
2017-03-21-6-30-04AM,1490049004755,8.0,3
2017-03-21-6-30-05AM,1490049005167,0.0,3
2017-03-21-6-30-05AM,1490049005879,8.0,3
2017-03-21-6-30-06AM,1490049006215,0.0,3
2017-03-21-6-30-06AM,1490049006867,8.0,3
2017-03-21-6-30-07AM,1490049007229,0.0,3
2017-03-21-6-30-07AM,1490049007959,8.0,3
2017-03-21-6-30-08AM,1490049008354,0.0,3
2017-03-21-6-30-09AM,1490049009031,8.0,3
2017-03-21-6-30-09AM,1490049009453,0.0,3
2017-03-21-6-30-10AM,1490049010087,8.0,3
2017-03-21-6-30-10AM,1490049010603,0.0,3
2017-03-21-6-30-11AM,1490049011091,8.0,3
2017-03-21-6-30-11AM,1490049011563,0.0,3
2017-03-21-6-30-12AM,1490049012179,8.0,3
2017-03-21-6-30-12AM,1490049012589,0.0,3
2017-03-21-6-30-13AM,1490049013260,8.0,3
2017-03-21-6-30-13AM,1490049013704,0.0,3
2017-03-21-6-30-14AM,1490049014405,8.0,3
2017-03-21-6-30-14AM,1490049014758,0.0,3
2017-03-21-6-30-15AM,1490049015497,8.0,3
2017-03-21-6-30-15AM,1490049015860,0.0,3
2017-03-21-6-30-16AM,1490049016505,8.0,3
2017-03-21-6-30-16AM,1490049016932,0.0,3
2017-03-21-6-30-17AM,1490049017598,8.0,3
2017-03-21-6-30-17AM,1490049017990,0.0,3
2017-03-21-6-30-18AM,1490049018627,8.0,3
2017-03-21-6-30-19AM,1490049019075,0.0,3
2017-03-21-6-30-19AM,1490049019709,8.0,3
2017-03-21-6-30-20AM,1490049020121,0.0,3
2017-03-21-6-30-20AM,1490049020796,8.0,3
2017-03-21-6-30-21AM,1490049021238,0.0,3
2017-03-21-6-30-21AM,1490049021898,8.0,3
2017-03-21-6-30-22AM,1490049022295,0.0,3
2017-03-21-6-30-22AM,1490049022915,8.0,3
2017-03-21-6-30-23AM,1490049023333,0.0,3
2017-03-21-6-30-23AM,1490049023994,8.0,3
2017-03-21-6-30-24AM,1490049024387,0.0,3
2017-03-21-6-30-25AM,1490049025058,8.0,3
2017-03-21-6-30-25AM,1490049025442,0.0,3
2017-03-21-6-30-26AM,1490049026117,8.0,3
2017-03-21-6-30-26AM,1490049026466,0.0,3
2017-03-21-6-30-27AM,1490049027126,8.0,3
2017-03-21-6-30-27AM,1490049027577,0.0,3
2017-03-21-6-30-28AM,1490049028244,8.0,3
2017-03-21-6-30-28AM,1490049028585,0.0,3
2017-03-21-6-30-29AM,1490049029239,8.0,3
2017-03-21-6-30-29AM,1490049029743,0.0,3
2017-03-21-6-30-30AM,1490049030325,8.0,3
2017-03-21-6-30-30AM,1490049030717,0.0,3
2017-03-21-6-30-31AM,1490049031336,8.0,3
2017-03-21-6-30-31AM,1490049031766,0.0,3
2017-03-21-6-30-32AM,1490049032330,8.0,3
2017-03-21-6-30-32AM,1490049032739,0.0,3
2017-03-21-6-30-33AM,1490049033362,8.0,3
2017-03-21-6-30-33AM,1490049033746,0.0,3
2017-03-21-6-30-34AM,1490049034424,8.0,3
2017-03-21-6-30-34AM,1490049034884,0.0,3
2017-03-21-6-30-35AM,1490049035590,8.0,3
2017-03-21-6-30-37AM,1490049037419,0.0,3
2017-03-21-6-30-37AM,1490049037664,8.0,3
2017-03-21-6-30-38AM,1490049038285,0.0,3
2017-03-21-6-30-38AM,1490049038932,8.0,3
2017-03-21-6-30-39AM,1490049039250,0.0,3
2017-03-21-6-30-39AM,1490049039889,8.0,3
2017-03-21-6-30-40AM,1490049040238,0.0,3
2017-03-21-6-30-40AM,1490049040857,8.0,3
2017-03-21-6-30-41AM,1490049041257,0.0,3
2017-03-21-6-30-41AM,1490049041867,8.0,3
2017-03-21-6-30-42AM,1490049042326,0.0,3
2017-03-21-6-30-42AM,1490049042992,8.0,3
2017-03-21-6-30-43AM,1490049043409,0.0,3
2017-03-21-6-30-44AM,1490049044031,8.0,3
2017-03-21-6-30-44AM,1490049044499,0.0,3
2017-03-21-6-30-45AM,1490049045094,8.0,3
2017-03-21-6-30-45AM,1490049045548,0.0,3
2017-03-21-6-30-46AM,1490049046035,8.0,3
2017-03-21-6-30-50AM,1490049050200,0.0,3
2017-03-21-6-30-50AM,1490049050322,8.0,3
2017-03-21-6-30-51AM,1490049051211,0.0,3
2017-03-21-6-30-51AM,1490049051411,8.0,3
2017-03-21-6-30-51AM,1490049051991,0.0,3
2017-03-21-6-30-52AM,1490049052442,8.0,3
2017-03-21-6-30-54AM,1490049054144,0.0,3
2017-03-21-6-30-54AM,1490049054705,8.0,3
2017-03-21-6-30-55AM,1490049055238,0.0,3
2017-03-21-6-30-55AM,1490049055846,8.0,3
2017-03-21-6-30-56AM,1490049056386,0.0,3
2017-03-21-6-30-56AM,1490049056995,8.0,3
2017-03-21-6-30-57AM,1490049057408,0.0,3
2017-03-21-6-30-58AM,1490049058072,8.0,3
2017-03-21-6-30-58AM,1490049058488,0.0,3
2017-03-21-6-30-59AM,1490049059072,8.0,3
2017-03-21-6-30-59AM,1490049059588,0.0,3
2017-03-21-6-31-00AM,1490049060138,8.0,3
2017-03-21-6-31-00AM,1490049060712,0.0,3
2017-03-21-6-31-01AM,1490049061157,8.0,3
2017-03-21-6-31-01AM,1490049061777,0.0,3
2017-03-21-6-31-01AM,1490049061959,8.0,3
2017-03-21-6-31-02AM,1490049062779,0.0,3
2017-03-21-6-31-03AM,1490049063422,8.0,3
2017-03-21-6-31-04AM,1490049064020,0.0,3
2017-03-21-6-31-04AM,1490049064499,8.0,3
2017-03-21-6-31-05AM,1490049065110,0.0,3
2017-03-21-6-31-05AM,1490049065591,8.0,3
2017-03-21-6-31-07AM,1490049067131,0.0,3
2017-03-21-6-31-07AM,1490049067763,8.0,3
2017-03-21-6-31-08AM,1490049068296,0.0,3
2017-03-21-6-31-08AM,1490049068868,8.0,3
2017-03-21-6-31-09AM,1490049069376,0.0,3
2017-03-21-6-31-09AM,1490049069938,8.0,3
2017-03-21-6-31-10AM,1490049070466,0.0,3
2017-03-21-6-31-11AM,1490049071007,8.0,3
2017-03-21-6-31-11AM,1490049071635,0.0,3
2017-03-21-6-31-11AM,1490049071850,8.0,3
2017-03-21-6-31-12AM,1490049072636,0.0,3
2017-03-21-6-31-13AM,1490049073195,8.0,3
2017-03-21-6-31-13AM,1490049073975,0.0,3
2017-03-21-6-31-14AM,1490049074243,8.0,3
2017-03-21-6-31-14AM,1490049074723,0.0,3
2017-03-21-6-31-15AM,1490049075416,8.0,3
2017-03-21-6-31-15AM,1490049075783,0.0,3
2017-03-21-6-31-16AM,1490049076585,8.0,3
2017-03-21-6-31-16AM,1490049076884,0.0,3
2017-03-21-6-31-17AM,1490049077686,8.0,3
2017-03-21-6-31-17AM,1490049077915,0.0,3
2017-03-21-6-31-18AM,1490049078776,8.0,3
2017-03-21-6-31-19AM,1490049079060,0.0,3
2017-03-21-6-31-19AM,1490049079858,8.0,3
2017-03-21-6-31-20AM,1490049080173,0.0,3
2017-03-21-6-31-20AM,1490049080893,8.0,3
2017-03-21-6-31-21AM,1490049081251,0.0,3
2017-03-21-6-31-21AM,1490049081948,8.0,3
2017-03-21-6-31-22AM,1490049082370,0.0,3
2017-03-21-6-31-22AM,1490049082978,8.0,3
2017-03-21-6-31-23AM,1490049083382,0.0,3
2017-03-21-6-31-24AM,1490049084089,8.0,3
2017-03-21-6-31-24AM,1490049084460,0.0,3
2017-03-21-6-31-25AM,1490049085230,8.0,3
2017-03-21-6-31-25AM,1490049085559,0.0,3
2017-03-21-6-31-26AM,1490049086442,8.0,3
2017-03-21-6-31-26AM,1490049086695,0.0,3
2017-03-21-6-31-27AM,1490049087505,8.0,3
2017-03-21-6-31-27AM,1490049087834,0.0,3
2017-03-21-6-31-28AM,1490049088598,8.0,3
2017-03-21-6-31-28AM,1490049088946,0.0,3
2017-03-21-6-31-29AM,1490049089671,8.0,3
2017-03-21-6-31-30AM,1490049090038,0.0,3
2017-03-21-6-31-30AM,1490049090756,8.0,3
2017-03-21-6-31-31AM,1490049091124,0.0,3
2017-03-21-6-31-31AM,1490049091980,8.0,3
2017-03-21-6-31-32AM,1490049092235,0.0,3
2017-03-21-6-31-32AM,1490049092889,8.0,3
2017-03-21-6-31-33AM,1490049093313,0.0,3
2017-03-21-6-31-34AM,1490049094002,8.0,3
2017-03-21-6-31-34AM,1490049094430,0.0,3
2017-03-21-6-31-35AM,1490049095160,8.0,3
2017-03-21-6-31-35AM,1490049095586,0.0,3
2017-03-21-6-31-36AM,1490049096251,8.0,3
2017-03-21-6-31-36AM,1490049096650,0.0,3
2017-03-21-6-31-37AM,1490049097295,8.0,3
2017-03-21-6-31-37AM,1490049097708,0.0,3
2017-03-21-6-31-38AM,1490049098426,8.0,3
2017-03-21-6-31-38AM,1490049098898,0.0,3
2017-03-21-6-31-39AM,1490049099217,8.0,3
2017-03-21-6-31-39AM,1490049099356,0.0,3
2017-03-21-6-31-39AM,1490049099477,8.0,3
2017-03-21-6-31-39AM,1490049099962,0.0,3
2017-03-21-6-31-40AM,1490049100601,8.0,3
2017-03-21-6-32-37AM,1490049157529,0.0,3
2017-03-21-6-32-38AM,1490049158021,8.0,3
2017-03-21-6-32-38AM,1490049158435,0.0,3
2017-03-21-6-32-41AM,1490049161364,8.0,3
2017-03-21-6-32-41AM,1490049161725,0.0,3
2017-03-21-6-32-42AM,1490049162468,8.0,3
2017-03-21-6-32-42AM,1490049162802,0.0,3
2017-03-21-6-32-43AM,1490049163280,8.0,3
2017-03-21-6-32-43AM,1490049163362,0.0,3
2017-03-21-6-32-43AM,1490049163497,8.0,3
2017-03-21-6-32-43AM,1490049163923,0.0,3
2017-03-21-6-32-44AM,1490049164647,8.0,3
2017-03-21-6-32-44AM,1490049164999,0.0,3
2017-03-21-6-32-45AM,1490049165760,8.0,3
2017-03-21-6-32-46AM,1490049166181,0.0,3
2017-03-21-6-32-46AM,1490049166859,8.0,3
2017-03-21-6-32-47AM,1490049167374,0.0,3
2017-03-21-6-32-47AM,1490049167781,8.0,3
2017-03-21-6-32-48AM,1490049168423,0.0,3
2017-03-21-6-32-48AM,1490049168876,8.0,3
2017-03-21-6-32-49AM,1490049169072,0.0,3
2017-03-21-6-32-49AM,1490049169204,8.0,3
2017-03-21-6-32-49AM,1490049169575,0.0,3
2017-03-21-6-32-50AM,1490049170270,8.0,3
2017-03-21-6-33-05AM,1490049185298,0.0,3
2017-03-21-6-33-06AM,1490049186058,8.0,3
2017-03-21-6-33-06AM,1490049186421,0.0,3
2017-03-21-6-33-07AM,1490049187219,8.0,3
2017-03-21-6-33-07AM,1490049187471,0.0,3
2017-03-21-6-33-08AM,1490049188220,8.0,3
2017-03-21-6-33-08AM,1490049188557,0.0,3
2017-03-21-6-33-09AM,1490049189357,8.0,3
2017-03-21-6-33-09AM,1490049189663,0.0,3
2017-03-21-6-33-10AM,1490049190404,8.0,3
2017-03-21-6-33-10AM,1490049190712,0.0,3
2017-03-21-6-33-11AM,1490049191099,8.0,3
2017-03-21-6-33-11AM,1490049191283,0.0,3
2017-03-21-6-33-11AM,1490049191464,8.0,3
2017-03-21-6-33-11AM,1490049191801,0.0,3
2017-03-21-6-33-12AM,1490049192185,8.0,3
2017-03-21-6-33-12AM,1490049192411,0.0,3
2017-03-21-6-33-12AM,1490049192556,8.0,3
2017-03-21-6-33-12AM,1490049192841,0.0,3
2017-03-21-6-33-13AM,1490049193647,8.0,3
2017-03-21-6-33-13AM,1490049193953,0.0,3
2017-03-21-6-33-14AM,1490049194747,8.0,3
2017-03-21-6-33-15AM,1490049195005,0.0,3
2017-03-21-6-33-15AM,1490049195844,8.0,3
2017-03-21-6-33-16AM,1490049196063,0.0,3
2017-03-21-6-33-16AM,1490049196851,8.0,3
2017-03-21-6-33-17AM,1490049197185,0.0,3
2017-03-21-6-33-17AM,1490049197514,8.0,3
2017-03-21-6-33-17AM,1490049197753,0.0,3
2017-03-21-6-33-17AM,1490049197931,8.0,3
2017-03-21-6-33-18AM,1490049198277,0.0,3
2017-03-21-6-33-18AM,1490049198582,8.0,3
2017-03-21-6-33-18AM,1490049198795,0.0,3
2017-03-21-6-33-18AM,1490049198952,8.0,3
2017-03-21-6-33-19AM,1490049199338,0.0,3
2017-03-21-6-33-19AM,1490049199686,8.0,3
2017-03-21-6-33-19AM,1490049199909,0.0,3
2017-03-21-6-33-20AM,1490049200051,8.0,3
2017-03-21-6-33-20AM,1490049200447,0.0,3
2017-03-21-6-33-20AM,1490049200786,8.0,3
2017-03-21-6-33-21AM,1490049201026,0.0,3
2017-03-21-6-33-21AM,1490049201159,8.0,3
2017-03-21-6-33-21AM,1490049201513,0.0,3
2017-03-21-6-33-21AM,1490049201918,8.0,3
2017-03-21-6-33-22AM,1490049202158,0.0,3
2017-03-21-6-33-22AM,1490049202284,8.0,3
2017-03-21-6-33-22AM,1490049202732,0.0,3
2017-03-21-6-33-23AM,1490049203050,8.0,3
2017-03-21-6-33-23AM,1490049203284,0.0,3
2017-03-21-6-33-23AM,1490049203447,8.0,3
2017-03-21-6-33-23AM,1490049203827,0.0,3
2017-03-21-6-33-24AM,1490049204158,8.0,3
2017-03-21-6-33-24AM,1490049204392,0.0,3
2017-03-21-6-33-24AM,1490049204548,8.0,3
2017-03-21-6-33-24AM,1490049204951,0.0,3
2017-03-21-6-33-25AM,1490049205638,8.0,3
2017-03-21-6-33-26AM,1490049206018,0.0,3
2017-03-21-6-33-26AM,1490049206811,8.0,3
2017-03-21-6-33-27AM,1490049207160,0.0,3
2017-03-21-6-33-27AM,1490049207948,8.0,3
2017-03-21-6-33-28AM,1490049208203,0.0,3
2017-03-21-6-33-28AM,1490049208967,8.0,3
2017-03-21-6-33-29AM,1490049209345,0.0,3
2017-03-21-6-33-30AM,1490049210064,8.0,3
2017-03-21-6-33-30AM,1490049210462,0.0,3
2017-03-21-6-33-31AM,1490049211212,8.0,3
2017-03-21-6-33-31AM,1490049211423,0.0,3
2017-03-21-6-33-32AM,1490049212207,8.0,3
2017-03-21-6-33-32AM,1490049212599,0.0,3
2017-03-21-6-33-33AM,1490049213268,8.0,3
2017-03-21-6-33-33AM,1490049213710,0.0,3
2017-03-21-6-33-34AM,1490049214407,8.0,3
2017-03-21-6-33-34AM,1490049214758,0.0,3
2017-03-21-6-33-35AM,1490049215499,8.0,3
2017-03-21-6-33-35AM,1490049215822,0.0,3
2017-03-21-6-33-36AM,1490049216585,8.0,3
2017-03-21-6-33-36AM,1490049216959,0.0,3
2017-03-21-6-33-37AM,1490049217688,8.0,3
2017-03-21-6-33-38AM,1490049218088,0.0,3
2017-03-21-6-33-38AM,1490049218770,8.0,3
2017-03-21-6-33-39AM,1490049219164,0.0,3
2017-03-21-6-33-39AM,1490049219855,8.0,3
2017-03-21-6-33-40AM,1490049220309,0.0,3
2017-03-21-6-33-40AM,1490049220955,8.0,3
2017-03-21-6-33-41AM,1490049221399,0.0,3
2017-03-21-6-33-42AM,1490049222052,8.0,3
2017-03-21-6-33-42AM,1490049222395,0.0,3
2017-03-21-6-33-43AM,1490049223270,8.0,3
2017-03-21-6-33-43AM,1490049223518,0.0,3
2017-03-21-6-33-44AM,1490049224207,8.0,3
2017-03-21-6-33-44AM,1490049224533,0.0,3
2017-03-21-6-33-45AM,1490049225412,8.0,3
2017-03-21-6-33-45AM,1490049225669,0.0,3
2017-03-21-6-33-49AM,1490049229731,8.0,3
2017-03-21-6-33-50AM,1490049230062,0.0,3
2017-03-21-6-33-50AM,1490049230814,8.0,3
2017-03-21-6-33-51AM,1490049231204,0.0,3
2017-03-21-6-33-51AM,1490049231811,8.0,3
2017-03-21-6-33-53AM,1490049233493,0.0,3
2017-03-21-6-33-54AM,1490049234016,8.0,3
2017-03-21-6-33-54AM,1490049234655,0.0,3
2017-03-21-6-33-55AM,1490049235069,8.0,3
2017-03-21-6-34-00AM,1490049240350,0.0,3
2017-03-21-6-34-00AM,1490049240994,8.0,3
2017-03-21-6-34-01AM,1490049241659,0.0,3
2017-03-21-6-34-01AM,1490049241959,8.0,3
2017-03-21-6-34-02AM,1490049242111,0.0,3
2017-03-21-6-34-02AM,1490049242251,8.0,3
2017-03-21-6-34-02AM,1490049242841,0.0,3
2017-03-21-6-34-03AM,1490049243458,8.0,3
2017-03-21-6-34-03AM,1490049243875,0.0,3
2017-03-21-6-34-04AM,1490049244719,8.0,3
2017-03-21-6-34-04AM,1490049244959,0.0,3
2017-03-21-6-34-05AM,1490049245814,8.0,3
2017-03-21-6-34-06AM,1490049246210,0.0,3
2017-03-21-6-34-06AM,1490049246976,8.0,3
2017-03-21-6-34-07AM,1490049247235,0.0,3
2017-03-21-6-34-08AM,1490049248031,8.0,3
2017-03-21-6-34-08AM,1490049248372,0.0,3
2017-03-21-6-34-09AM,1490049249157,8.0,3
2017-03-21-6-34-09AM,1490049249560,0.0,3
2017-03-21-6-34-10AM,1490049250246,8.0,3
2017-03-21-6-34-10AM,1490049250627,0.0,3
2017-03-21-6-34-11AM,1490049251375,8.0,3
2017-03-21-6-34-11AM,1490049251795,0.0,3
2017-03-21-6-34-12AM,1490049252438,8.0,3
2017-03-21-6-34-12AM,1490049252843,0.0,3
2017-03-21-6-34-13AM,1490049253569,8.0,3
2017-03-21-6-34-13AM,1490049253957,0.0,3
2017-03-21-6-34-14AM,1490049254635,8.0,3
2017-03-21-6-34-15AM,1490049255209,0.0,3
2017-03-21-6-34-15AM,1490049255832,8.0,3
2017-03-21-6-34-16AM,1490049256220,0.0,3
2017-03-21-6-34-16AM,1490049256880,8.0,3
2017-03-21-6-34-17AM,1490049257348,0.0,3
2017-03-21-6-34-18AM,1490049258243,8.0,3
2017-03-21-6-34-18AM,1490049258478,0.0,3
2017-03-21-6-34-19AM,1490049259130,8.0,3
2017-03-21-6-34-19AM,1490049259608,0.0,3
2017-03-21-6-34-20AM,1490049260247,8.0,3
2017-03-21-6-34-20AM,1490049260690,0.0,3
2017-03-21-6-34-21AM,1490049261370,8.0,3
2017-03-21-6-34-21AM,1490049261848,0.0,3
2017-03-21-6-34-22AM,1490049262472,8.0,3
2017-03-21-6-34-22AM,1490049262948,0.0,3
2017-03-21-6-34-23AM,1490049263639,8.0,3
2017-03-21-6-34-24AM,1490049264032,0.0,3
2017-03-21-6-34-24AM,1490049264710,8.0,3
2017-03-21-6-34-25AM,1490049265129,0.0,3
2017-03-21-6-34-25AM,1490049265765,8.0,3
2017-03-21-6-34-26AM,1490049266231,0.0,3
2017-03-21-6-34-26AM,1490049266894,8.0,3
2017-03-21-6-34-27AM,1490049267365,0.0,3
2017-03-21-6-34-27AM,1490049267952,8.0,3
2017-03-21-6-34-28AM,1490049268543,0.0,3
2017-03-21-6-34-28AM,1490049268822,8.0,3
2017-03-21-6-34-29AM,1490049269030,0.0,3
2017-03-21-6-34-29AM,1490049269202,8.0,3
2017-03-21-6-34-29AM,1490049269594,0.0,3
2017-03-21-6-34-29AM,1490049269934,8.0,3
2017-03-21-6-34-30AM,1490049270182,0.0,3
2017-03-21-6-34-30AM,1490049270321,8.0,3
2017-03-21-6-34-30AM,1490049270742,0.0,3
2017-03-21-6-34-31AM,1490049271459,8.0,3
2017-03-21-6-34-31AM,1490049271945,0.0,3
2017-03-21-6-34-32AM,1490049272563,8.0,3
2017-03-21-6-34-32AM,1490049272960,0.0,3
2017-03-21-6-34-33AM,1490049273816,8.0,3
2017-03-21-6-34-34AM,1490049274095,0.0,3
2017-03-21-6-34-34AM,1490049274289,8.0,3
2017-03-21-6-34-34AM,1490049274567,0.0,3
2017-03-21-6-34-34AM,1490049274789,8.0,3
2017-03-21-6-34-35AM,1490049275286,0.0,3
2017-03-21-6-34-35AM,1490049275347,8.0,3
2017-03-21-6-34-35AM,1490049275759,0.0,3
2017-03-21-6-34-35AM,1490049275784,8.0,3
2017-03-21-6-34-36AM,1490049276405,0.0,3
2017-03-21-6-34-36AM,1490049276636,8.0,3
2017-03-21-6-34-38AM,1490049278489,0.0,3
2017-03-21-6-34-38AM,1490049278649,8.0,3
2017-03-21-6-34-38AM,1490049278961,0.0,3
2017-03-21-6-34-39AM,1490049279184,8.0,3
2017-03-21-6-34-39AM,1490049279683,0.0,3
2017-03-21-6-34-39AM,1490049279859,8.0,3
2017-03-21-6-34-40AM,1490049280116,0.0,3
2017-03-21-6-34-40AM,1490049280289,8.0,3
2017-03-21-6-34-40AM,1490049280626,0.0,3
2017-03-21-6-34-40AM,1490049280760,8.0,3
2017-03-21-6-34-41AM,1490049281122,0.0,3
2017-03-21-6-34-41AM,1490049281511,8.0,3
2017-03-21-6-34-42AM,1490049282235,0.0,3
2017-03-21-6-34-42AM,1490049282583,8.0,3
2017-03-21-6-34-42AM,1490049282937,0.0,3
2017-03-21-6-34-43AM,1490049283706,8.0,3
2017-03-21-6-34-43AM,1490049283848,0.0,3
2017-03-21-6-34-44AM,1490049284186,8.0,3
2017-03-21-6-34-44AM,1490049284353,0.0,3
2017-03-21-6-34-44AM,1490049284710,8.0,3
2017-03-21-6-34-46AM,1490049286516,0.0,3
2017-03-21-6-34-46AM,1490049286883,8.0,3
2017-03-21-6-34-47AM,1490049287096,0.0,3
2017-03-21-6-34-47AM,1490049287598,8.0,3
2017-03-21-6-34-48AM,1490049288095,0.0,3
2017-03-21-6-34-48AM,1490049288320,8.0,3
2017-03-21-6-34-48AM,1490049288707,0.0,3
2017-03-21-6-34-48AM,1490049288773,8.0,3
2017-03-21-6-34-49AM,1490049289175,0.0,3
2017-03-21-6-34-49AM,1490049289629,8.0,3
2017-03-21-6-34-49AM,1490049289770,0.0,3
2017-03-21-6-34-49AM,1490049289885,8.0,3
2017-03-21-6-34-50AM,1490049290294,0.0,3
2017-03-21-6-34-50AM,1490049290940,8.0,3
2017-03-21-6-34-51AM,1490049291278,0.0,3
2017-03-21-6-34-51AM,1490049291782,8.0,3
2017-03-21-6-34-51AM,1490049291960,0.0,3
2017-03-21-6-34-52AM,1490049292068,8.0,3
2017-03-21-6-34-52AM,1490049292480,0.0,3
2017-03-21-6-34-53AM,1490049293170,8.0,3
2017-03-21-6-34-53AM,1490049293561,0.0,3
2017-03-21-6-34-54AM,1490049294278,8.0,3
2017-03-21-6-34-54AM,1490049294616,0.0,3
2017-03-21-6-34-55AM,1490049295377,8.0,3
2017-03-21-6-34-55AM,1490049295663,0.0,3
2017-03-21-6-34-56AM,1490049296092,8.0,3
2017-03-21-6-34-56AM,1490049296254,0.0,3
2017-03-21-6-34-56AM,1490049296486,8.0,3
2017-03-21-6-34-56AM,1490049296757,0.0,3
2017-03-21-6-34-57AM,1490049297707,8.0,3
2017-03-21-6-34-58AM,1490049298076,0.0,3
2017-03-21-6-34-58AM,1490049298247,8.0,3
2017-03-21-6-34-58AM,1490049298423,0.0,3
2017-03-21-6-34-59AM,1490049299307,8.0,3
2017-03-21-6-34-59AM,1490049299943,0.0,3
2017-03-21-6-35-00AM,1490049300810,8.0,3
2017-03-21-6-35-01AM,1490049301005,0.0,3
2017-03-21-6-35-01AM,1490049301824,8.0,3
2017-03-21-6-35-02AM,1490049302064,0.0,3
2017-03-21-6-35-02AM,1490049302852,8.0,3
2017-03-21-6-35-03AM,1490049303154,0.0,3
2017-03-21-6-35-07AM,1490049307132,8.0,3
2017-03-21-6-35-07AM,1490049307507,0.0,3
2017-03-21-6-35-07AM,1490049307857,8.0,3
2017-03-21-6-35-08AM,1490049308012,0.0,3
2017-03-21-6-35-08AM,1490049308131,8.0,3
2017-03-21-6-35-08AM,1490049308572,0.0,3
2017-03-21-6-35-08AM,1490049308899,8.0,3
2017-03-21-6-35-09AM,1490049309098,0.0,3
2017-03-21-6-35-09AM,1490049309250,8.0,3
2017-03-21-6-35-09AM,1490049309646,0.0,3
2017-03-21-6-35-09AM,1490049309969,8.0,3
2017-03-21-6-35-10AM,1490049310192,0.0,3
2017-03-21-6-35-10AM,1490049310291,8.0,3
2017-03-21-6-35-10AM,1490049310710,0.0,3
2017-03-21-6-35-10AM,1490049310997,8.0,3
2017-03-21-6-35-11AM,1490049311280,0.0,3
2017-03-21-6-35-11AM,1490049311412,8.0,3
2017-03-21-6-35-11AM,1490049311753,0.0,3
2017-03-21-6-35-12AM,1490049312106,8.0,3
2017-03-21-6-35-12AM,1490049312326,0.0,3
2017-03-21-6-35-12AM,1490049312481,8.0,3
2017-03-21-6-35-12AM,1490049312800,0.0,3
2017-03-21-6-35-13AM,1490049313213,8.0,3
2017-03-21-6-35-13AM,1490049313824,0.0,3
2017-03-21-6-35-14AM,1490049314555,8.0,3
2017-03-21-6-35-14AM,1490049314915,0.0,3
2017-03-21-6-35-15AM,1490049315264,8.0,3
2017-03-21-6-35-15AM,1490049315477,0.0,3
2017-03-21-6-35-15AM,1490049315549,8.0,3
2017-03-21-6-35-15AM,1490049315956,0.0,3
2017-03-21-6-35-17AM,1490049317758,8.0,3
2017-03-21-6-35-17AM,1490049317922,0.0,3
2017-03-21-6-35-18AM,1490049318748,8.0,3
2017-03-21-6-35-19AM,1490049319210,0.0,3
2017-03-21-6-35-19AM,1490049319857,8.0,3
2017-03-21-6-35-20AM,1490049320079,0.0,3
2017-03-21-6-35-22AM,1490049322033,8.0,3
2017-03-21-6-35-22AM,1490049322207,0.0,3
2017-03-21-6-35-22AM,1490049322982,8.0,3
2017-03-21-6-35-23AM,1490049323381,0.0,3
2017-03-21-6-35-23AM,1490049323755,8.0,3
2017-03-21-6-35-23AM,1490049323889,0.0,3
2017-03-21-6-35-24AM,1490049324066,8.0,3
2017-03-21-6-35-24AM,1490049324428,0.0,3
2017-03-21-6-35-24AM,1490049324766,8.0,3
2017-03-21-6-35-24AM,1490049324969,0.0,3
2017-03-21-6-35-25AM,1490049325053,8.0,3
2017-03-21-6-35-25AM,1490049325497,0.0,3
2017-03-21-6-35-25AM,1490049325817,8.0,3
2017-03-21-6-35-26AM,1490049326075,0.0,3
2017-03-21-6-35-26AM,1490049326185,8.0,3
2017-03-21-6-35-26AM,1490049326573,0.0,3
2017-03-21-6-35-26AM,1490049326775,8.0,3
2017-03-21-6-35-27AM,1490049327070,0.0,3
2017-03-21-6-35-27AM,1490049327214,8.0,3
2017-03-21-6-35-28AM,1490049328133,0.0,3
2017-03-21-6-35-28AM,1490049328209,8.0,3
2017-03-21-6-35-28AM,1490049328631,0.0,3
2017-03-21-6-35-28AM,1490049328881,8.0,3
2017-03-21-6-35-29AM,1490049329188,0.0,3
2017-03-21-6-35-29AM,1490049329268,8.0,3
2017-03-21-6-35-30AM,1490049330178,0.0,3
2017-03-21-6-35-30AM,1490049330301,8.0,3
2017-03-21-6-35-30AM,1490049330665,0.0,3
2017-03-21-6-35-30AM,1490049330996,8.0,3
2017-03-21-6-35-31AM,1490049331194,0.0,3
2017-03-21-6-35-31AM,1490049331358,8.0,3
2017-03-21-6-35-31AM,1490049331741,0.0,3
2017-03-21-6-35-32AM,1490049332029,8.0,3
2017-03-21-6-35-33AM,1490049333281,0.0,3
2017-03-21-6-35-33AM,1490049333432,8.0,3
2017-03-21-6-35-34AM,1490049334325,0.0,3
2017-03-21-6-35-34AM,1490049334475,8.0,3
2017-03-21-6-35-34AM,1490049334857,0.0,3
2017-03-21-6-35-35AM,1490049335183,8.0,3
2017-03-21-6-35-35AM,1490049335430,0.0,3
2017-03-21-6-35-35AM,1490049335552,8.0,3
2017-03-21-6-35-35AM,1490049335916,0.0,3
2017-03-21-6-35-36AM,1490049336157,8.0,3
2017-03-21-6-35-36AM,1490049336526,0.0,3
2017-03-21-6-35-36AM,1490049336607,8.0,3
2017-03-21-6-35-36AM,1490049336967,0.0,3
2017-03-21-6-35-37AM,1490049337218,8.0,3
2017-03-21-6-35-37AM,1490049337560,0.0,3
2017-03-21-6-35-37AM,1490049337640,8.0,3
2017-03-21-6-35-38AM,1490049338128,0.0,3
2017-03-21-6-35-38AM,1490049338298,8.0,3
2017-03-21-6-35-38AM,1490049338646,0.0,3
2017-03-21-6-35-38AM,1490049338723,8.0,3
2017-03-21-6-35-39AM,1490049339166,0.0,3
2017-03-21-6-35-39AM,1490049339452,8.0,3
2017-03-21-6-35-39AM,1490049339781,0.0,3
2017-03-21-6-35-40AM,1490049340001,8.0,3
2017-03-21-6-35-40AM,1490049340303,0.0,3
2017-03-21-6-35-40AM,1490049340949,8.0,3
2017-03-21-6-35-41AM,1490049341359,0.0,3
2017-03-21-6-35-41AM,1490049341669,8.0,3
2017-03-21-6-35-41AM,1490049341830,0.0,3
2017-03-21-6-35-42AM,1490049342004,8.0,3
2017-03-21-6-35-42AM,1490049342389,0.0,3
2017-03-21-6-35-43AM,1490049343086,8.0,3
2017-03-21-6-35-43AM,1490049343450,0.0,3
2017-03-21-6-35-43AM,1490049343810,8.0,3
2017-03-21-6-35-44AM,1490049344002,0.0,3
2017-03-21-6-35-44AM,1490049344173,8.0,3
2017-03-21-6-35-44AM,1490049344532,0.0,3
2017-03-21-6-35-44AM,1490049344951,8.0,3
2017-03-21-6-35-45AM,1490049345102,0.0,3
2017-03-21-6-35-45AM,1490049345284,8.0,3
2017-03-21-6-35-45AM,1490049345625,0.0,3
2017-03-21-6-35-45AM,1490049345990,8.0,3
2017-03-21-6-35-46AM,1490049346204,0.0,3
2017-03-21-6-35-46AM,1490049346375,8.0,3
2017-03-21-6-35-46AM,1490049346735,0.0,3
2017-03-21-6-35-47AM,1490049347065,8.0,3
2017-03-21-6-35-47AM,1490049347814,0.0,3
2017-03-21-6-35-48AM,1490049348150,8.0,3
2017-03-21-6-35-48AM,1490049348372,0.0,3
2017-03-21-6-35-48AM,1490049348566,8.0,3
2017-03-21-6-35-49AM,1490049349433,0.0,3
2017-03-21-6-35-50AM,1490049350237,8.0,3
2017-03-21-6-35-50AM,1490049350518,0.0,3
2017-03-21-6-35-52AM,1490049352794,8.0,3
2017-03-21-6-35-53AM,1490049353115,0.0,3
2017-03-21-6-35-53AM,1490049353918,8.0,3
2017-03-21-6-35-54AM,1490049354643,0.0,3
2017-03-21-6-35-54AM,1490049354823,8.0,3
2017-03-21-6-35-55AM,1490049355688,0.0,3
2017-03-21-6-35-55AM,1490049355909,8.0,3
2017-03-21-6-35-56AM,1490049356216,0.0,3
2017-03-21-6-35-56AM,1490049356434,8.0,3
2017-03-21-6-35-58AM,1490049358668,0.0,3
2017-03-21-6-35-58AM,1490049358911,8.0,3
2017-03-21-6-35-59AM,1490049359327,0.0,3
2017-03-21-6-35-59AM,1490049359525,8.0,3
2017-03-21-6-35-59AM,1490049359856,0.0,3
2017-03-21-6-36-00AM,1490049360130,8.0,3
2017-03-21-6-36-00AM,1490049360448,0.0,3
2017-03-21-6-36-00AM,1490049360579,8.0,3
2017-03-21-6-36-01AM,1490049361550,0.0,3
2017-03-21-6-36-01AM,1490049361660,8.0,3
2017-03-21-6-36-02AM,1490049362059,0.0,3
2017-03-21-6-36-02AM,1490049362202,8.0,3
2017-03-21-6-36-02AM,1490049362611,0.0,3
2017-03-21-6-36-02AM,1490049362751,8.0,3
2017-03-21-6-36-03AM,1490049363693,0.0,3
2017-03-21-6-36-03AM,1490049363844,8.0,3
2017-03-21-6-36-04AM,1490049364191,0.0,3
2017-03-21-6-36-04AM,1490049364397,8.0,3
2017-03-21-6-36-05AM,1490049365279,0.0,3
2017-03-21-6-36-05AM,1490049365456,8.0,3
2017-03-21-6-36-05AM,1490049365809,0.0,3
2017-03-21-6-36-06AM,1490049366019,8.0,3
2017-03-21-6-36-06AM,1490049366364,0.0,3
2017-03-21-6-36-06AM,1490049366591,8.0,3
2017-03-21-6-36-07AM,1490049367367,0.0,3
2017-03-21-6-36-07AM,1490049367644,8.0,3
2017-03-21-6-36-08AM,1490049368145,0.0,3
2017-03-21-6-36-08AM,1490049368758,8.0,3
2017-03-21-6-36-09AM,1490049369421,0.0,3
2017-03-21-6-36-09AM,1490049369870,8.0,3
2017-03-21-6-36-10AM,1490049370626,0.0,3
2017-03-21-6-36-10AM,1490049370907,8.0,3
2017-03-21-6-36-11AM,1490049371181,0.0,3
2017-03-21-6-36-11AM,1490049371935,8.0,3
2017-03-21-6-36-12AM,1490049372839,0.0,3
2017-03-21-6-36-13AM,1490049373095,8.0,3
2017-03-21-6-36-13AM,1490049373735,0.0,3
2017-03-21-6-36-15AM,1490049375873,8.0,3
2017-03-21-6-36-16AM,1490049376448,0.0,3
2017-03-21-6-36-17AM,1490049377237,8.0,3
2017-03-21-6-36-17AM,1490049377522,0.0,3
2017-03-21-6-36-19AM,1490049379879,8.0,3
2017-03-21-6-36-20AM,1490049380128,0.0,3
2017-03-21-6-36-21AM,1490049381082,8.0,3
2017-03-21-6-36-21AM,1490049381276,0.0,3
2017-03-21-6-36-22AM,1490049382200,8.0,3
2017-03-21-6-36-22AM,1490049382472,0.0,3
2017-03-21-6-36-22AM,1490049382594,8.0,3
2017-03-21-6-36-22AM,1490049382741,0.0,3
2017-03-21-6-36-23AM,1490049383391,8.0,3
2017-03-21-6-36-23AM,1490049383650,0.0,3
2017-03-21-6-36-24AM,1490049384433,8.0,3
2017-03-21-6-36-24AM,1490049384924,0.0,3
2017-03-21-6-36-25AM,1490049385605,8.0,3
2017-03-21-6-36-25AM,1490049385806,0.0,3
2017-03-21-6-36-26AM,1490049386616,8.0,3
2017-03-21-6-36-26AM,1490049386836,0.0,3
2017-03-21-6-36-27AM,1490049387637,8.0,3
2017-03-21-6-36-27AM,1490049387864,0.0,3
2017-03-21-6-36-28AM,1490049388057,8.0,3
2017-03-21-6-36-28AM,1490049388407,0.0,3
2017-03-21-6-36-28AM,1490049388638,8.0,3
2017-03-21-6-36-28AM,1490049388961,0.0,3
2017-03-21-6-36-29AM,1490049389306,8.0,3
2017-03-21-6-36-29AM,1490049389485,0.0,3
2017-03-21-6-36-29AM,1490049389676,8.0,3
2017-03-21-6-36-29AM,1490049389991,0.0,3
2017-03-21-6-36-30AM,1490049390338,8.0,3
2017-03-21-6-36-30AM,1490049390517,0.0,3
2017-03-21-6-36-30AM,1490049390734,8.0,3
2017-03-21-6-36-31AM,1490049391047,0.0,3
2017-03-21-6-36-31AM,1490049391822,8.0,3
2017-03-21-6-36-32AM,1490049392138,0.0,3
2017-03-21-6-36-32AM,1490049392288,8.0,3
2017-03-21-6-36-32AM,1490049392614,0.0,3
2017-03-21-6-36-33AM,1490049393975,8.0,3
2017-03-21-6-36-34AM,1490049394271,0.0,3
2017-03-21-6-36-34AM,1490049394305,8.0,3
2017-03-21-6-36-34AM,1490049394461,0.0,3
2017-03-21-6-36-35AM,1490049395051,8.0,3
2017-03-21-6-36-35AM,1490049395274,0.0,3
2017-03-21-6-36-36AM,1490049396194,8.0,3
2017-03-21-6-36-36AM,1490049396354,0.0,3
2017-03-21-6-36-36AM,1490049396434,8.0,3
2017-03-21-6-36-36AM,1490049396632,0.0,3
2017-03-21-6-36-37AM,1490049397136,8.0,3
2017-03-21-6-36-37AM,1490049397432,0.0,3
2017-03-21-6-36-38AM,1490049398216,8.0,3
2017-03-21-6-36-38AM,1490049398538,0.0,3
2017-03-21-6-36-40AM,1490049400493,8.0,3
2017-03-21-6-36-40AM,1490049400717,0.0,3
2017-03-21-6-36-41AM,1490049401506,8.0,3
2017-03-21-6-36-41AM,1490049401769,0.0,3
2017-03-21-6-36-42AM,1490049402624,8.0,3
2017-03-21-6-36-42AM,1490049402860,0.0,3
2017-03-21-6-36-43AM,1490049403759,8.0,3
2017-03-21-6-36-43AM,1490049403971,0.0,3
2017-03-21-6-36-49AM,1490049409131,8.0,3
2017-03-21-6-36-49AM,1490049409491,0.0,3
2017-03-21-6-36-50AM,1490049410278,8.0,3
2017-03-21-6-36-54AM,1490049414361,0.0,3
2017-03-21-6-36-54AM,1490049414502,8.0,3
2017-03-21-6-37-11AM,1490049431268,0.0,3
2017-03-21-6-37-11AM,1490049431890,8.0,3
2017-03-21-6-37-12AM,1490049432307,0.0,3
2017-03-21-6-37-12AM,1490049432971,8.0,3
2017-03-21-6-37-13AM,1490049433406,0.0,3
2017-03-21-6-37-14AM,1490049434052,8.0,3
2017-03-21-6-37-14AM,1490049434490,0.0,3
2017-03-21-6-37-15AM,1490049435145,8.0,3
2017-03-21-6-37-15AM,1490049435621,0.0,3
2017-03-21-6-37-16AM,1490049436244,8.0,3
2017-03-21-6-37-16AM,1490049436710,0.0,3
2017-03-21-6-37-17AM,1490049437333,8.0,3
2017-03-21-6-37-17AM,1490049437751,0.0,3
2017-03-21-6-37-18AM,1490049438452,8.0,3
2017-03-21-6-37-18AM,1490049438846,0.0,3
2017-03-21-6-37-19AM,1490049439578,8.0,3
2017-03-21-6-37-20AM,1490049440148,0.0,3
2017-03-21-6-37-21AM,1490049441055,8.0,3
2017-03-21-6-37-21AM,1490049441347,0.0,3
2017-03-21-6-37-21AM,1490049441816,8.0,3
2017-03-21-6-37-22AM,1490049442076,0.0,3
2017-03-21-6-37-22AM,1490049442219,8.0,3
2017-03-21-6-37-22AM,1490049442657,0.0,3
2017-03-21-6-37-23AM,1490049443480,8.0,3
2017-03-21-6-37-23AM,1490049443814,0.0,3
2017-03-21-6-37-24AM,1490049444672,8.0,3
2017-03-21-6-37-25AM,1490049445010,0.0,3
2017-03-21-6-37-25AM,1490049445782,8.0,3
2017-03-21-6-37-26AM,1490049446181,0.0,3
2017-03-21-6-37-26AM,1490049446862,8.0,3
2017-03-21-6-37-27AM,1490049447446,0.0,3
2017-03-21-6-37-28AM,1490049448211,8.0,3
2017-03-21-6-37-28AM,1490049448678,0.0,3
2017-03-21-6-37-29AM,1490049449038,8.0,3
2017-03-21-6-37-29AM,1490049449216,0.0,3
2017-03-21-6-37-29AM,1490049449411,8.0,3
2017-03-21-6-37-29AM,1490049449917,0.0,3
2017-03-21-6-37-30AM,1490049450548,8.0,3
2017-03-21-6-37-31AM,1490049451014,0.0,3
2017-03-21-6-37-31AM,1490049451641,8.0,3
2017-03-21-6-37-32AM,1490049452074,0.0,3
2017-03-21-6-37-32AM,1490049452739,8.0,3
2017-03-21-6-37-34AM,1490049454368,0.0,3
2017-03-21-6-37-35AM,1490049455012,8.0,3
2017-03-21-6-37-35AM,1490049455370,0.0,3
2017-03-21-6-37-36AM,1490049456081,8.0,3
2017-03-21-6-37-36AM,1490049456501,0.0,3
2017-03-21-6-37-36AM,1490049456883,8.0,3
2017-03-21-6-37-37AM,1490049457064,0.0,3
2017-03-21-6-37-37AM,1490049457213,8.0,3
2017-03-21-6-37-37AM,1490049457613,0.0,3
2017-03-21-6-37-37AM,1490049457929,8.0,3
2017-03-21-6-37-38AM,1490049458152,0.0,3
2017-03-21-6-37-38AM,1490049458284,8.0,3
2017-03-21-6-37-38AM,1490049458721,0.0,3
2017-03-21-6-37-39AM,1490049459373,8.0,3
2017-03-21-6-37-39AM,1490049459794,0.0,3
2017-03-21-6-37-40AM,1490049460514,8.0,3
2017-03-21-6-37-40AM,1490049460882,0.0,3
2017-03-21-6-37-41AM,1490049461630,8.0,3
2017-03-21-6-37-42AM,1490049462009,0.0,3
2017-03-21-6-37-42AM,1490049462725,8.0,3
2017-03-21-6-37-43AM,1490049463052,0.0,3
2017-03-21-6-37-43AM,1490049463797,8.0,3
2017-03-21-6-37-44AM,1490049464202,0.0,3
2017-03-21-6-37-44AM,1490049464610,8.0,3
2017-03-21-6-37-44AM,1490049464754,0.0,3
2017-03-21-6-37-44AM,1490049464910,8.0,3
2017-03-21-6-37-45AM,1490049465338,0.0,3
2017-03-21-6-37-46AM,1490049466050,8.0,3
2017-03-21-6-37-46AM,1490049466399,0.0,3
2017-03-21-6-37-47AM,1490049467113,8.0,3
2017-03-21-6-37-47AM,1490049467503,0.0,3
2017-03-21-6-37-48AM,1490049468258,8.0,3
2017-03-21-6-37-48AM,1490049468600,0.0,3
2017-03-21-6-37-49AM,1490049469342,8.0,3
2017-03-21-6-37-49AM,1490049469739,0.0,3
2017-03-21-6-37-50AM,1490049470398,8.0,3
2017-03-21-6-37-50AM,1490049470905,0.0,3
2017-03-21-6-37-51AM,1490049471538,8.0,3
2017-03-21-6-37-51AM,1490049471965,0.0,3
2017-03-21-6-37-52AM,1490049472407,8.0,3
2017-03-21-6-37-52AM,1490049472567,0.0,3
2017-03-21-6-37-52AM,1490049472741,8.0,3
2017-03-21-6-37-53AM,1490049473160,0.0,3
2017-03-21-6-37-53AM,1490049473770,8.0,3
2017-03-21-6-37-54AM,1490049474251,0.0,3
2017-03-21-6-37-54AM,1490049474912,8.0,3
2017-03-21-6-37-55AM,1490049475356,0.0,3
2017-03-21-6-37-56AM,1490049476048,8.0,3
2017-03-21-6-37-58AM,1490049478151,0.0,3
2017-03-21-6-37-58AM,1490049478256,8.0,3
2017-03-21-6-37-58AM,1490049478697,0.0,3
2017-03-21-6-37-59AM,1490049479089,8.0,3
2017-03-21-6-37-59AM,1490049479283,0.0,3
2017-03-21-6-37-59AM,1490049479464,8.0,3
2017-03-21-6-37-59AM,1490049479817,0.0,3
2017-03-21-6-38-00AM,1490049480284,8.0,3
2017-03-21-6-38-00AM,1490049480515,0.0,3
2017-03-21-6-38-00AM,1490049480679,8.0,3
2017-03-21-6-38-01AM,1490049481614,0.0,3
2017-03-21-6-38-02AM,1490049482238,8.0,3
2017-03-21-6-38-03AM,1490049483737,0.0,3
2017-03-21-6-38-05AM,1490049485521,8.0,3
2017-03-21-6-38-05AM,1490049485671,0.0,3
2017-03-21-6-38-06AM,1490049486602,8.0,3
2017-03-21-6-38-06AM,1490049486857,0.0,3
2017-03-21-6-38-07AM,1490049487105,8.0,3
2017-03-21-6-38-07AM,1490049487993,0.0,3
2017-03-21-6-38-08AM,1490049488082,8.0,3
2017-03-21-6-38-08AM,1490049488578,0.0,3
2017-03-21-6-38-08AM,1490049488713,8.0,3
2017-03-21-6-38-09AM,1490049489641,0.0,3
2017-03-21-6-38-09AM,1490049489806,8.0,3
2017-03-21-6-38-10AM,1490049490203,0.0,3
2017-03-21-6-38-10AM,1490049490865,8.0,3
2017-03-21-6-38-11AM,1490049491461,0.0,3
2017-03-21-6-38-11AM,1490049491577,8.0,3
2017-03-21-6-38-25AM,1490049505636,0.0,3
2017-03-21-6-38-25AM,1490049505754,8.0,3
2017-03-21-6-38-27AM,1490049507839,0.0,3
2017-03-21-6-38-28AM,1490049508036,8.0,3
2017-03-21-6-38-29AM,1490049509049,0.0,3
2017-03-21-6-38-29AM,1490049509184,8.0,3
2017-03-21-6-38-29AM,1490049509673,0.0,3
2017-03-21-6-38-29AM,1490049509763,8.0,3
2017-03-21-6-38-30AM,1490049510258,0.0,3
2017-03-21-6-38-30AM,1490049510460,8.0,3
2017-03-21-6-38-30AM,1490049510790,0.0,3
2017-03-21-6-38-30AM,1490049510915,8.0,3
2017-03-21-6-38-31AM,1490049511396,0.0,3
2017-03-21-6-38-31AM,1490049511616,8.0,3
2017-03-21-6-38-31AM,1490049511901,0.0,3
2017-03-21-6-38-32AM,1490049512009,8.0,3
2017-03-21-6-38-32AM,1490049512609,0.0,3
2017-03-21-6-38-32AM,1490049512769,8.0,3
2017-03-21-6-38-33AM,1490049513039,0.0,3
2017-03-21-6-38-33AM,1490049513157,8.0,3
2017-03-21-6-38-33AM,1490049513636,0.0,3
2017-03-21-6-38-33AM,1490049513851,8.0,3
2017-03-21-6-38-34AM,1490049514176,0.0,3
2017-03-21-6-38-34AM,1490049514258,8.0,3
2017-03-21-6-38-34AM,1490049514771,0.0,3
2017-03-21-6-38-34AM,1490049514959,8.0,3
2017-03-21-6-38-47AM,1490049527962,0.0,3
2017-03-21-6-38-48AM,1490049528047,8.0,3
2017-03-21-6-38-49AM,1490049529220,0.0,3
2017-03-21-6-38-49AM,1490049529362,8.0,3
2017-03-21-6-38-49AM,1490049529653,0.0,3
2017-03-21-6-38-49AM,1490049529762,8.0,3
2017-03-21-6-38-50AM,1490049530300,0.0,3
2017-03-21-6-38-50AM,1490049530469,8.0,3
2017-03-21-6-38-50AM,1490049530763,0.0,3
2017-03-21-6-38-50AM,1490049530880,8.0,3
2017-03-21-6-38-51AM,1490049531387,0.0,3
2017-03-21-6-38-51AM,1490049531548,8.0,3
2017-03-21-6-38-51AM,1490049531916,0.0,3
2017-03-21-6-38-51AM,1490049531969,8.0,3
2017-03-21-6-38-52AM,1490049532526,0.0,3
2017-03-21-6-38-52AM,1490049532665,8.0,3
2017-03-21-6-38-54AM,1490049534170,0.0,3
2017-03-21-6-38-54AM,1490049534225,8.0,3
2017-03-21-6-38-58AM,1490049538608,0.0,3
2017-03-21-6-38-58AM,1490049538724,8.0,3
2017-03-21-6-38-59AM,1490049539742,0.0,3
2017-03-21-6-38-59AM,1490049539870,8.0,3
2017-03-21-6-39-01AM,1490049541427,0.0,3
2017-03-21-6-39-01AM,1490049541657,8.0,3
2017-03-21-6-39-02AM,1490049542603,0.0,3
2017-03-21-6-39-02AM,1490049542788,8.0,3
2017-03-21-6-39-03AM,1490049543126,0.0,3
2017-03-21-6-39-03AM,1490049543208,8.0,3
2017-03-21-6-39-03AM,1490049543709,0.0,3
2017-03-21-6-39-03AM,1490049543850,8.0,3
2017-03-21-6-39-04AM,1490049544734,0.0,3
2017-03-21-6-39-04AM,1490049544878,8.0,3
2017-03-21-6-39-05AM,1490049545275,0.0,3
2017-03-21-6-39-05AM,1490049545378,8.0,3
2017-03-21-6-39-05AM,1490049545807,0.0,3
2017-03-21-6-39-05AM,1490049545990,8.0,3
2017-03-21-6-39-06AM,1490049546326,0.0,3
2017-03-21-6-39-06AM,1490049546478,8.0,3
2017-03-21-6-39-06AM,1490049546917,0.0,3
2017-03-21-6-39-07AM,1490049547096,8.0,3
2017-03-21-6-39-07AM,1490049547429,0.0,3
2017-03-21-6-39-07AM,1490049547537,8.0,3
2017-03-21-6-39-07AM,1490049547997,0.0,3
2017-03-21-6-39-08AM,1490049548297,8.0,3
2017-03-21-6-39-08AM,1490049548570,0.0,3
2017-03-21-6-39-08AM,1490049548693,8.0,3
2017-03-21-6-39-09AM,1490049549142,0.0,3
2017-03-21-6-39-09AM,1490049549320,8.0,3
2017-03-21-6-39-10AM,1490049550242,0.0,3
2017-03-21-6-39-10AM,1490049550601,8.0,3
2017-03-21-6-39-10AM,1490049550878,0.0,3
2017-03-21-6-39-11AM,1490049551077,8.0,3
2017-03-21-6-39-11AM,1490049551365,0.0,3
2017-03-21-6-39-11AM,1490049551819,8.0,3
2017-03-21-6-39-12AM,1490049552583,0.0,3
2017-03-21-6-39-13AM,1490049553334,8.0,3
2017-03-21-6-58-57AM,1490050737128,0.0,3
2017-03-21-6-58-57AM,1490050737315,8.0,3
2017-03-21-6-58-58AM,1490050738568,0.0,3
2017-03-21-6-58-59AM,1490050739299,8.0,3
2017-03-21-6-59-00AM,1490050740141,0.0,3
2017-03-21-6-59-00AM,1490050740377,8.0,3
2017-03-21-6-59-00AM,1490050740695,0.0,3
2017-03-21-6-59-00AM,1490050740796,8.0,3
2017-03-21-6-59-11AM,1490050751287,0.0,3
2017-03-21-6-59-11AM,1490050751947,8.0,3
2017-03-21-7-09-36AM,1490051376235,0.0,3
2017-03-21-7-09-36AM,1490051376601,8.0,3
2017-03-21-7-20-54AM,1490052054518,0.0,3
2017-03-21-7-20-54AM,1490052054663,8.0,3
2017-03-21-7-21-07AM,1490052067619,0.0,3
2017-03-21-7-21-07AM,1490052067836,8.0,3
2017-03-21-7-21-08AM,1490052068679,0.0,3
2017-03-21-7-21-08AM,1490052068970,8.0,3
2017-03-21-7-46-10AM,1490053570598,0.0,3
2017-03-21-7-46-11AM,1490053571487,8.0,3
2017-03-21-7-46-11AM,1490053571914,0.0,3
2017-03-21-7-46-12AM,1490053572504,8.0,3
2017-03-21-7-46-13AM,1490053573012,0.0,3
2017-03-21-7-46-13AM,1490053573476,8.0,3
2017-03-21-7-46-14AM,1490053574011,0.0,3
2017-03-21-7-46-14AM,1490053574123,8.0,3
2017-03-21-7-46-14AM,1490053574739,0.0,3
2017-03-21-7-46-14AM,1490053574916,8.0,3
2017-03-21-7-46-15AM,1490053575504,0.0,3
2017-03-21-7-46-15AM,1490053575563,8.0,3
2017-03-21-7-46-45AM,1490053605137,0.0,3
2017-03-21-7-46-45AM,1490053605246,8.0,3
2017-03-21-7-46-45AM,1490053605621,0.0,3
2017-03-21-7-46-45AM,1490053605688,8.0,3
2017-03-21-7-46-47AM,1490053607556,0.0,3
2017-03-21-7-46-47AM,1490053607721,8.0,3
2017-03-21-7-46-48AM,1490053608121,0.0,3
2017-03-21-7-46-48AM,1490053608316,8.0,3
2017-03-21-7-46-48AM,1490053608815,0.0,3
2017-03-21-7-46-48AM,1490053608918,8.0,3
2017-03-21-7-46-49AM,1490053609423,0.0,3
2017-03-21-7-46-49AM,1490053609505,8.0,3
2017-03-21-7-46-50AM,1490053610065,0.0,3
2017-03-21-7-46-50AM,1490053610201,8.0,3
2017-03-21-7-46-50AM,1490053610590,0.0,3
2017-03-21-7-46-50AM,1490053610731,8.0,3
2017-03-21-7-46-51AM,1490053611264,0.0,3
2017-03-21-7-46-51AM,1490053611434,8.0,3
2017-03-21-7-46-51AM,1490053611909,0.0,3
2017-03-21-7-46-52AM,1490053612023,8.0,3
2017-03-21-7-46-52AM,1490053612560,0.0,3
2017-03-21-7-46-52AM,1490053612659,8.0,3
2017-03-21-7-46-53AM,1490053613066,0.0,3
2017-03-21-7-46-53AM,1490053613203,8.0,3
2017-03-21-7-46-58AM,1490053618791,0.0,3
2017-03-21-7-46-58AM,1490053618974,8.0,3
2017-03-21-7-47-04AM,1490053624194,0.0,3
2017-03-21-7-47-04AM,1490053624352,8.0,3
2017-03-21-7-47-04AM,1490053624910,0.0,3
2017-03-21-7-47-05AM,1490053625057,8.0,3
2017-03-21-7-47-05AM,1490053625434,0.0,3
2017-03-21-7-47-05AM,1490053625487,8.0,3
2017-03-21-7-47-06AM,1490053626013,0.0,3
2017-03-21-7-47-06AM,1490053626246,8.0,3
2017-03-21-7-47-06AM,1490053626653,0.0,3
2017-03-21-7-47-06AM,1490053626826,8.0,3
2017-03-21-7-47-07AM,1490053627304,0.0,3
2017-03-21-7-47-07AM,1490053627574,8.0,3
2017-03-21-7-47-07AM,1490053627805,0.0,3
2017-03-21-7-47-08AM,1490053628031,8.0,3
2017-03-21-7-47-08AM,1490053628497,0.0,3
2017-03-21-7-47-08AM,1490053628637,8.0,3
2017-03-21-7-47-09AM,1490053629183,0.0,3
2017-03-21-7-47-09AM,1490053629335,8.0,3
2017-03-21-7-47-09AM,1490053629756,0.0,3
2017-03-21-7-47-10AM,1490053630058,8.0,3
2017-03-21-7-47-10AM,1490053630257,0.0,3
2017-03-21-7-47-10AM,1490053630509,8.0,3
2017-03-21-7-47-10AM,1490053630978,0.0,3
2017-03-21-7-47-11AM,1490053631161,8.0,3
2017-03-21-7-47-12AM,1490053632200,0.0,3
2017-03-21-7-47-12AM,1490053632403,8.0,3
2017-03-21-7-47-12AM,1490053632737,0.0,3
2017-03-21-7-47-12AM,1490053632994,8.0,3
2017-03-21-7-47-13AM,1490053633414,0.0,3
2017-03-21-7-47-13AM,1490053633538,8.0,3
2017-03-21-7-47-14AM,1490053634018,0.0,3
2017-03-21-7-47-14AM,1490053634796,8.0,3
2017-03-21-7-47-15AM,1490053635016,0.0,3
2017-03-21-7-47-15AM,1490053635328,8.0,3
2017-03-21-7-47-15AM,1490053635699,0.0,3
2017-03-21-7-47-16AM,1490053636048,8.0,3
2017-03-21-7-47-16AM,1490053636394,0.0,3
2017-03-21-7-47-16AM,1490053636684,8.0,3
2017-03-21-7-47-16AM,1490053636975,0.0,3
2017-03-21-7-47-17AM,1490053637324,8.0,3
2017-03-21-7-47-17AM,1490053637525,0.0,3
2017-03-21-7-47-17AM,1490053637833,8.0,3
2017-03-21-7-47-18AM,1490053638189,0.0,3
2017-03-21-7-47-18AM,1490053638518,8.0,3
2017-03-21-7-47-18AM,1490053638858,0.0,3
2017-03-21-7-47-19AM,1490053639089,8.0,3
2017-03-21-7-47-19AM,1490053639467,0.0,3
2017-03-21-7-47-19AM,1490053639592,8.0,3
2017-03-21-7-47-19AM,1490053639928,0.0,3
2017-03-21-7-47-20AM,1490053640099,8.0,3
2017-03-21-7-47-20AM,1490053640502,0.0,3
2017-03-21-7-47-20AM,1490053640786,8.0,3
2017-03-21-7-47-21AM,1490053641029,0.0,3
2017-03-21-7-47-21AM,1490053641329,8.0,3
2017-03-21-7-47-21AM,1490053641655,0.0,3
2017-03-21-7-47-21AM,1490053641788,8.0,3
2017-03-21-7-47-22AM,1490053642284,0.0,3
2017-03-21-7-47-22AM,1490053642503,8.0,3
2017-03-21-7-47-22AM,1490053642844,0.0,3
2017-03-21-7-47-23AM,1490053643066,8.0,3
2017-03-21-7-47-23AM,1490053643428,0.0,3
2017-03-21-7-47-23AM,1490053643664,8.0,3
2017-03-21-7-47-23AM,1490053643998,0.0,3
2017-03-21-7-47-24AM,1490053644289,8.0,3
2017-03-21-7-47-24AM,1490053644644,0.0,3
2017-03-21-7-47-24AM,1490053644813,8.0,3
2017-03-21-7-47-25AM,1490053645185,0.0,3
2017-03-21-7-47-25AM,1490053645438,8.0,3
2017-03-21-7-47-25AM,1490053645707,0.0,3
2017-03-21-7-47-25AM,1490053645956,8.0,3
2017-03-21-7-47-26AM,1490053646299,0.0,3
2017-03-21-7-47-26AM,1490053646572,8.0,3
2017-03-21-7-47-26AM,1490053646829,0.0,3
2017-03-21-7-47-27AM,1490053647616,8.0,3
2017-03-21-7-47-28AM,1490053648076,0.0,3
2017-03-21-7-47-28AM,1490053648756,8.0,3
2017-03-21-7-47-29AM,1490053649082,0.0,3
2017-03-21-7-47-29AM,1490053649194,8.0,3
2017-03-21-7-48-13AM,1490053693126,0.0,3
2017-03-21-7-48-13AM,1490053693346,8.0,3
2017-03-21-7-48-13AM,1490053693985,0.0,3
2017-03-21-7-48-14AM,1490053694113,8.0,3
2017-03-21-7-48-15AM,1490053695221,0.0,3
2017-03-21-7-48-15AM,1490053695741,8.0,3
2017-03-21-7-48-17AM,1490053697594,0.0,3
2017-03-21-7-48-18AM,1490053698163,8.0,3
2017-03-21-7-48-18AM,1490053698877,0.0,3
2017-03-21-7-48-19AM,1490053699279,8.0,3
2017-03-21-7-48-20AM,1490053700080,0.0,3
2017-03-21-7-48-20AM,1490053700592,8.0,3
2017-03-21-7-48-21AM,1490053701323,0.0,3
2017-03-21-7-48-21AM,1490053701763,8.0,3
2017-03-21-7-48-23AM,1490053703487,0.0,3
2017-03-21-7-48-23AM,1490053703981,8.0,3
2017-03-21-7-48-25AM,1490053705792,0.0,3
2017-03-21-7-48-26AM,1490053706456,8.0,3
2017-03-21-7-48-29AM,1490053709412,0.0,3
2017-03-21-7-48-29AM,1490053709547,8.0,3
2017-03-21-7-48-30AM,1490053710135,0.0,3
2017-03-21-7-48-30AM,1490053710280,8.0,3
2017-03-21-7-48-31AM,1490053711258,0.0,3
2017-03-21-7-48-31AM,1490053711457,8.0,3
2017-03-21-7-48-31AM,1490053711781,0.0,3
2017-03-21-7-48-31AM,1490053711890,8.0,3
2017-03-21-7-48-32AM,1490053712456,0.0,3
2017-03-21-7-48-32AM,1490053712691,8.0,3
2017-03-21-7-48-33AM,1490053713071,0.0,3
2017-03-21-7-48-33AM,1490053713221,8.0,3
2017-03-21-7-50-38AM,1490053838341,0.0,3
2017-03-21-7-54-10AM,1490054050496,8.0,3
