2017-03-21-5-17-42p.m.,1490087862939,1490087852383,2017-03-21-5-17-32p.m.,network,1.2979376,103.7715967,22.105,-1.0,-1.0,-1.0
2017-03-21-5-17-49p.m.,1490087869218,1490087869078,2017-03-21-5-17-49p.m.,gps,1.298022216709141,103.7717606194122,16.0,51.058211134092886,285.3526,0.7960424
2017-03-21-5-17-59p.m.,1490087879183,1490087879000,2017-03-21-5-17-59p.m.,gps,1.297985842598817,103.77165744410429,12.0,40.70697782849214,-1.0,0.0
2017-03-21-5-18-09p.m.,1490087889187,1490087889000,2017-03-21-5-18-09p.m.,gps,1.2979321286623,103.771636354505,8.0,48.38445288032831,-1.0,0.0
2017-03-21-5-18-19p.m.,1490087899205,1490087899000,2017-03-21-5-18-19p.m.,gps,1.2979307234902169,103.77164827173964,12.0,42.164619110799336,-1.0,0.0
2017-03-21-5-18-29p.m.,1490087909171,1490087909000,2017-03-21-5-18-29p.m.,gps,1.2979830653637876,103.77173462542757,8.0,42.14296589664896,-1.0,0.0
2017-03-21-5-18-39p.m.,1490087919154,1490087919000,2017-03-21-5-18-39p.m.,gps,1.2979830653637876,103.77173462542757,12.0,41.77786293226405,-1.0,0.0
2017-03-21-5-18-49p.m.,1490087929181,1490087929000,2017-03-21-5-18-49p.m.,gps,1.2979830653637876,103.77173462542757,16.0,41.204433425024334,-1.0,0.0
2017-03-21-5-18-59p.m.,1490087939196,1490087939000,2017-03-21-5-18-59p.m.,gps,1.2979830653637876,103.77173462542757,8.0,40.7013718029877,-1.0,0.0
2017-03-21-5-19-09p.m.,1490087949204,1490087949000,2017-03-21-5-19-09p.m.,gps,1.2979830653637876,103.77173462542757,8.0,40.606226856476475,-1.0,0.0
2017-03-21-5-19-19p.m.,1490087959181,1490087959000,2017-03-21-5-19-19p.m.,gps,1.2979830653637876,103.77173462542757,12.0,40.33249539399921,-1.0,0.0
2017-03-21-5-19-29p.m.,1490087969169,1490087969000,2017-03-21-5-19-29p.m.,gps,1.2980879482144179,103.77173575751094,8.0,39.987932818237496,-1.0,0.0
2017-03-21-5-19-39p.m.,1490087979171,1490087979000,2017-03-21-5-19-39p.m.,gps,1.2980879482144179,103.77173575751094,8.0,40.30684086238637,-1.0,0.0
2017-03-21-5-19-49p.m.,1490087989177,1490087989000,2017-03-21-5-19-49p.m.,gps,1.2980879482144179,103.77173575751094,12.0,41.171644193142335,-1.0,0.0
2017-03-21-5-19-59p.m.,1490087999164,1490087999000,2017-03-21-5-19-59p.m.,gps,1.2980879482144179,103.77173575751094,16.0,42.05388077511044,-1.0,0.0
2017-03-21-5-20-09p.m.,1490088009164,1490088009000,2017-03-21-5-20-09p.m.,gps,1.2980662798005307,103.77164000493629,16.0,43.106237218049834,-1.0,0.0
2017-03-21-5-20-19p.m.,1490088019195,1490088019000,2017-03-21-5-20-19p.m.,gps,1.2980663618391781,103.77154577347527,12.0,43.27449331754471,-1.0,0.0
2017-03-21-5-20-29p.m.,1490088029167,1490088029000,2017-03-21-5-20-29p.m.,gps,1.2979763309403485,103.77137833949322,16.0,44.096163359238396,-1.0,0.0
2017-03-21-5-20-39p.m.,1490088039165,1490088039000,2017-03-21-5-20-39p.m.,gps,1.2978862606834884,103.77134381612721,12.0,45.337193295525445,-1.0,0.0
2017-03-21-5-20-49p.m.,1490088049176,1490088049000,2017-03-21-5-20-49p.m.,gps,1.2978862606834884,103.77134381612721,6.0,46.00551455637904,-1.0,0.0
2017-03-21-5-20-59p.m.,1490088059167,1490088059000,2017-03-21-5-20-59p.m.,gps,1.2978862606834884,103.77134381612721,8.0,47.969283621742775,-1.0,0.0
2017-03-21-5-21-09p.m.,1490088069159,1490088069000,2017-03-21-5-21-09p.m.,gps,1.2978862606834884,103.77134381612721,8.0,48.699887292235026,-1.0,0.0
2017-03-21-5-21-19p.m.,1490088079168,1490088079000,2017-03-21-5-21-19p.m.,gps,1.2979481361220522,103.77133856725972,6.0,49.4312565502431,-1.0,0.0
2017-03-21-5-21-29p.m.,1490088089172,1490088089000,2017-03-21-5-21-29p.m.,gps,1.2979481361220522,103.77133856725972,8.0,50.26889757547507,-1.0,0.0
2017-03-21-5-21-39p.m.,1490088099175,1490088099000,2017-03-21-5-21-39p.m.,gps,1.2979481361220522,103.77133856725972,12.0,51.13688642109588,-1.0,0.0
2017-03-21-5-21-49p.m.,1490088109154,1490088109000,2017-03-21-5-21-49p.m.,gps,1.2978577327952514,103.77134007379665,12.0,52.005549705593054,-1.0,0.0
2017-03-21-5-21-59p.m.,1490088119188,1490088119000,2017-03-21-5-21-59p.m.,gps,1.2978577327952514,103.77134007379665,16.0,53.355903585037204,-1.0,0.0
2017-03-21-5-22-09p.m.,1490088129161,1490088129000,2017-03-21-5-22-09p.m.,gps,1.2978577327952514,103.77134007379665,12.0,55.54208662619733,-1.0,0.0
2017-03-21-5-22-19p.m.,1490088139162,1490088139000,2017-03-21-5-22-19p.m.,gps,1.2977842098847707,103.77139676430275,12.0,56.16975362376133,-1.0,0.0
2017-03-21-5-22-29p.m.,1490088149184,1490088149000,2017-03-21-5-22-29p.m.,gps,1.2977842098847707,103.77139676430275,12.0,55.942254861637174,-1.0,0.0
2017-03-21-5-22-39p.m.,1490088159162,1490088159000,2017-03-21-5-22-39p.m.,gps,1.2977842098847707,103.77139676430275,8.0,55.241167276284074,-1.0,0.0
2017-03-21-5-22-49p.m.,1490088169189,1490088169000,2017-03-21-5-22-49p.m.,gps,1.2977842098847707,103.77139676430275,12.0,54.260737675040055,-1.0,0.0
2017-03-21-5-22-59p.m.,1490088179169,1490088179000,2017-03-21-5-22-59p.m.,gps,1.2977666262810208,103.77144453619411,6.0,52.911769246016405,-1.0,0.007828179
2017-03-21-5-23-09p.m.,1490088189162,1490088189000,2017-03-21-5-23-09p.m.,gps,1.2977590701723338,103.77147866305366,6.0,48.7259307957973,-1.0,0.04453021
2017-03-21-5-23-19p.m.,1490088199177,1490088199000,2017-03-21-5-23-19p.m.,gps,1.2977929929662795,103.77146531118262,8.0,39.85468298247707,-1.0,0.28584242
2017-03-21-5-23-29p.m.,1490088209171,1490088209000,2017-03-21-5-23-29p.m.,gps,1.2978160770117937,103.77145452509228,8.0,33.085586622760296,-1.0,0.005373751
2017-03-21-5-23-39p.m.,1490088219156,1490088219000,2017-03-21-5-23-39p.m.,gps,1.2978055815219316,103.77144435344344,6.0,31.88314631790896,-1.0,0.011553022
2017-03-21-5-23-49p.m.,1490088229162,1490088229000,2017-03-21-5-23-49p.m.,gps,1.2978082216768518,103.77143600652435,6.0,30.73649070256262,-1.0,0.0151943555
2017-03-21-5-23-59p.m.,1490088239181,1490088239000,2017-03-21-5-23-59p.m.,gps,1.2978141422146794,103.77142814183603,6.0,29.871997923585003,-1.0,0.03682385
2017-03-21-5-24-09p.m.,1490088249164,1490088249000,2017-03-21-5-24-09p.m.,gps,1.297816388986426,103.77142590050764,6.0,29.198954524293768,-1.0,0.049895752
2017-03-21-5-24-19p.m.,1490088259168,1490088259000,2017-03-21-5-24-19p.m.,gps,1.297837403361326,103.77144999836086,6.0,26.84562490042284,-1.0,0.1553576
2017-03-21-5-24-29p.m.,1490088269160,1490088269000,2017-03-21-5-24-29p.m.,gps,1.2978514973703559,103.7714686816716,6.0,25.172521705008002,-1.0,0.009162604
2017-03-21-5-24-39p.m.,1490088279174,1490088279000,2017-03-21-5-24-39p.m.,gps,1.2978526010101121,103.77148110716864,6.0,23.97935448517569,-1.0,9.079378E-4
2017-03-21-5-24-49p.m.,1490088289170,1490088289000,2017-03-21-5-24-49p.m.,gps,1.2978522044383836,103.77148758992212,8.0,22.37229697158371,-1.0,0.013856019
2017-03-21-5-24-59p.m.,1490088299157,1490088299000,2017-03-21-5-24-59p.m.,gps,1.297854240160862,103.77148966289847,8.0,20.903904299362516,-1.0,0.028122257
2017-03-21-5-25-09p.m.,1490088309154,1490088309000,2017-03-21-5-25-09p.m.,gps,1.2978599455108797,103.77148172774322,8.0,20.401073531270143,-1.0,0.046855144
2017-03-21-5-25-19p.m.,1490088319161,1490088319000,2017-03-21-5-25-19p.m.,gps,1.2978582817591262,103.77148135259027,6.0,19.917918411182548,-1.0,0.022906605
2017-03-21-5-25-24p.m.,1490088324604,1490088314576,2017-03-21-5-25-14p.m.,network,1.2979376,103.7715967,22.048,-1.0,-1.0,-1.0
2017-03-21-5-25-39p.m.,1490088339207,1490088339000,2017-03-21-5-25-39p.m.,gps,1.2977828965550995,103.77158517982801,8.0,15.047043644118183,-1.0,0.011769166
2017-03-21-5-25-44p.m.,1490088344566,1490088334593,2017-03-21-5-25-34p.m.,network,1.2979376,103.7715967,22.06,-1.0,-1.0,-1.0
2017-03-21-5-25-59p.m.,1490088359147,1490088359000,2017-03-21-5-25-59p.m.,gps,1.2978107141416861,103.77161669826783,6.0,14.204844256994898,-1.0,0.019549303
2017-03-21-5-26-04p.m.,1490088364626,1490088354629,2017-03-21-5-25-54p.m.,network,1.2979376,103.7715967,22.049,-1.0,-1.0,-1.0
2017-03-21-5-26-19p.m.,1490088379164,1490088379000,2017-03-21-5-26-19p.m.,gps,1.2978200894781,103.77163248841279,6.0,17.17563532707184,-1.0,0.23872499
2017-03-21-5-26-24p.m.,1490088384686,1490088374635,2017-03-21-5-26-14p.m.,network,1.2979376,103.7715967,22.043,-1.0,-1.0,-1.0
2017-03-21-5-26-39p.m.,1490088399176,1490088399000,2017-03-21-5-26-39p.m.,gps,1.297829080130108,103.77166156810914,6.0,21.379306029706576,-1.0,0.039630204
2017-03-21-5-26-44p.m.,1490088404692,1490088394645,2017-03-21-5-26-34p.m.,network,1.2979376,103.7715967,22.085,-1.0,-1.0,-1.0
2017-03-21-5-26-59p.m.,1490088419174,1490088419000,2017-03-21-5-26-59p.m.,gps,1.2978257678597303,103.77166835818669,6.0,22.901383685085218,-1.0,0.12020969
2017-03-21-5-27-04p.m.,1490088424676,1490088414697,2017-03-21-5-26-54p.m.,network,1.2979376,103.7715967,22.05,-1.0,-1.0,-1.0
2017-03-21-5-27-19p.m.,1490088439163,1490088439000,2017-03-21-5-27-19p.m.,gps,1.2978263500684613,103.77167200904758,6.0,24.260423582761234,-1.0,0.0291651
2017-03-21-5-27-24p.m.,1490088444888,1490088434702,2017-03-21-5-27-14p.m.,network,1.2979376,103.7715967,22.045,-1.0,-1.0,-1.0
2017-03-21-5-27-39p.m.,1490088459171,1490088459000,2017-03-21-5-27-39p.m.,gps,1.2978346857706047,103.77165999368242,6.0,25.016855877235944,-1.0,0.10069189
2017-03-21-5-27-44p.m.,1490088464802,1490088454715,2017-03-21-5-27-34p.m.,network,1.2979376,103.7715967,22.092,-1.0,-1.0,-1.0
2017-03-21-5-27-59p.m.,1490088479182,1490088479000,2017-03-21-5-27-59p.m.,gps,1.2978204351425742,103.77160393489541,6.0,26.593848756062574,-1.0,0.052415792
2017-03-21-5-28-04p.m.,1490088484819,1490088474742,2017-03-21-5-27-54p.m.,network,1.2979376,103.7715967,22.046,-1.0,-1.0,-1.0
2017-03-21-5-28-19p.m.,1490088499170,1490088499000,2017-03-21-5-28-19p.m.,gps,1.2978296435355479,103.77159997839699,6.0,27.779238057692144,-1.0,0.0034377547
2017-03-21-5-28-24p.m.,1490088504898,1490088504767,2017-03-21-5-28-24p.m.,network,1.2979376,103.7715967,22.092,-1.0,-1.0,-1.0
2017-03-21-5-28-39p.m.,1490088519159,1490088519000,2017-03-21-5-28-39p.m.,gps,1.2979099406635635,103.77159927522442,8.0,34.051570979653675,311.2378,0.0038057475
2017-03-21-5-28-44p.m.,1490088524939,1490088514791,2017-03-21-5-28-34p.m.,network,1.2979376,103.7715967,22.045,-1.0,-1.0,-1.0
2017-03-21-5-28-59p.m.,1490088539170,1490088539000,2017-03-21-5-28-59p.m.,gps,1.2979299633035852,103.7716044578195,6.0,35.52099984090305,311.2378,2.2788913E-4
2017-03-21-5-29-04p.m.,1490088544909,1490088544775,2017-03-21-5-29-04p.m.,network,1.2979376,103.7715967,22.051,-1.0,-1.0,-1.0
2017-03-21-5-29-24p.m.,1490088564969,1490088564861,2017-03-21-5-29-24p.m.,network,1.2979376,103.7715967,22.037,-1.0,-1.0,-1.0
2017-03-21-5-34-25p.m.,1490088865074,1490088855302,2017-03-21-5-34-15p.m.,network,1.2979376,103.7715967,22.047,-1.0,-1.0,-1.0
2017-03-21-5-39-25p.m.,1490089165800,1490089165702,2017-03-21-5-39-25p.m.,network,1.2979376,103.7715967,22.105,-1.0,-1.0,-1.0
2017-03-21-5-44-25p.m.,1490089465876,1490089456000,2017-03-21-5-44-16p.m.,network,1.2979376,103.7715967,22.053,-1.0,-1.0,-1.0
2017-03-21-5-49-26p.m.,1490089766145,1490089756408,2017-03-21-5-49-16p.m.,network,1.2979376,103.7715967,22.016,-1.0,-1.0,-1.0
2017-03-21-5-50-56p.m.,1490089856717,1490089856596,2017-03-21-5-50-56p.m.,gps,1.298000702242684,103.77158383301605,12.0,105.14105234222302,160.42188,0.4418045
2017-03-21-5-51-08p.m.,1490089868285,1490089866622,2017-03-21-5-51-06p.m.,network,1.2978644,103.7715967,22.086,-1.0,-1.0,-1.0
2017-03-21-5-51-18p.m.,1490089878145,1490089877999,2017-03-21-5-51-17p.m.,gps,1.2977292187642022,103.77183110740394,12.0,36.78075365049603,-1.0,0.0
2017-03-21-5-51-27p.m.,1490089887753,1490089886634,2017-03-21-5-51-26p.m.,network,1.2977913,103.7715967,23.354,-1.0,-1.0,-1.0
2017-03-21-5-51-38p.m.,1490089898165,1490089897999,2017-03-21-5-51-37p.m.,gps,1.297562183115205,103.7717395706992,6.0,45.9690722478232,-1.0,0.0
2017-03-21-5-51-48p.m.,1490089908176,1490089907999,2017-03-21-5-51-47p.m.,gps,1.2975893311301678,103.77159036697614,6.0,47.289770487345855,227.63617,0.2124644
2017-03-21-5-51-58p.m.,1490089918169,1490089917999,2017-03-21-5-51-57p.m.,gps,1.2975936964183086,103.77156590307021,6.0,48.59028280766646,252.60025,0.33909324
2017-03-21-5-52-08p.m.,1490089928175,1490089927999,2017-03-21-5-52-07p.m.,gps,1.2975816667257274,103.7715241686413,4.0,50.2096070893954,192.93008,0.41718355
2017-03-21-5-52-18p.m.,1490089938162,1490089937999,2017-03-21-5-52-17p.m.,gps,1.2975180963103503,103.77148443414616,4.0,50.91076096473633,219.80368,0.81157845
2017-03-21-5-52-28p.m.,1490089948203,1490089947999,2017-03-21-5-52-27p.m.,gps,1.2974115381075924,103.77149493337619,3.0,51.314220109553965,144.01985,0.7820615
2017-03-21-5-52-33p.m.,1490089953970,1490089948960,2017-03-21-5-52-28p.m.,network,1.2963594,103.7725473,500.0,-1.0,-1.0,-1.0
2017-03-21-5-52-48p.m.,1490089968169,1490089967999,2017-03-21-5-52-47p.m.,gps,1.297260870086917,103.77158558905388,3.0,52.29930429761392,127.80661,0.9825429
2017-03-21-5-52-58p.m.,1490089978161,1490089977999,2017-03-21-5-52-57p.m.,gps,1.297154827254764,103.77164013960741,3.0,52.663511914182465,144.85979,0.81302595
2017-03-21-5-53-08p.m.,1490089988171,1490089987999,2017-03-21-5-53-07p.m.,gps,1.2970847509595131,103.77172493983275,3.0,52.99676193418742,153.05127,0.921749
2017-03-21-5-53-18p.m.,1490089998170,1490089997999,2017-03-21-5-53-17p.m.,gps,1.297037744328998,103.77175207573552,4.0,53.22724869824798,123.06133,0.36873886
2017-03-21-5-53-28p.m.,1490090008162,1490090007999,2017-03-21-5-53-27p.m.,gps,1.2969407352263933,103.77181835291081,4.0,53.40128920978783,156.84239,0.46540716
2017-03-21-5-53-38p.m.,1490090018154,1490090017999,2017-03-21-5-53-37p.m.,gps,1.2969016704261114,103.77183946280087,4.0,53.625244334705265,107.67783,0.38050658
2017-03-21-5-53-48p.m.,1490090028162,1490090027999,2017-03-21-5-53-47p.m.,gps,1.2968743417316797,103.77190214218659,4.0,53.75823291648041,120.47873,1.0203569
2017-03-21-5-53-58p.m.,1490090038162,1490090037999,2017-03-21-5-53-57p.m.,gps,1.296804610620377,103.77200196430269,3.0,53.7429590459675,113.25695,0.9464289
2017-03-21-5-54-08p.m.,1490090048189,1490090047999,2017-03-21-5-54-07p.m.,gps,1.2967611917733457,103.77205739886986,3.0,53.632960082531525,138.71347,0.7258363
2017-03-21-5-54-15p.m.,1490090055343,1490090050094,2017-03-21-5-54-10p.m.,network,1.2963594,103.7725473,500.0,-1.0,-1.0,-1.0
2017-03-21-5-54-28p.m.,1490090068185,1490090067999,2017-03-21-5-54-27p.m.,gps,1.2966170748653059,103.77227120853486,3.0,52.986765652588545,127.32876,0.59079945
2017-03-21-5-54-38p.m.,1490090078172,1490090077999,2017-03-21-5-54-37p.m.,gps,1.2965979003815538,103.77218785510367,6.0,52.663317225609745,138.50406,0.16475232
2017-03-21-5-54-48p.m.,1490090088172,1490090087999,2017-03-21-5-54-47p.m.,gps,1.2964994346642822,103.7722797549644,3.0,52.34282095919044,119.77011,0.05290188
2017-03-21-5-54-58p.m.,1490090098157,1490090097999,2017-03-21-5-54-57p.m.,gps,1.2963545400742849,103.77238678099918,3.0,52.10341087088984,141.71082,0.6295578
2017-03-21-5-55-08p.m.,1490090108159,1490090107999,2017-03-21-5-55-07p.m.,gps,1.2962468544808754,103.77240226846035,2.0,52.17229428295408,128.46169,0.47357324
2017-03-21-5-55-18p.m.,1490090118160,1490090117999,2017-03-21-5-55-17p.m.,gps,1.2962028986019924,103.77251653396353,6.0,52.304787079736585,137.22256,0.4571884
2017-03-21-5-55-28p.m.,1490090128166,1490090127999,2017-03-21-5-55-27p.m.,gps,1.296237342059527,103.77255719495149,3.0,52.336052837546504,105.92816,0.7150209
2017-03-21-5-55-38p.m.,1490090138170,1490090137999,2017-03-21-5-55-37p.m.,gps,1.2962311591357834,103.77257890442579,4.0,52.28335707653376,103.00288,0.389927
2017-03-21-5-55-48p.m.,1490090148171,1490090147999,2017-03-21-5-55-47p.m.,gps,1.2963132734585119,103.77261557227202,3.0,52.15288846652852,350.65884,0.056877255
2017-03-21-5-55-58p.m.,1490090158169,1490090157999,2017-03-21-5-55-57p.m.,gps,1.2963944117932409,103.77270997583398,8.0,51.936490311796994,110.018654,0.3486573
2017-03-21-5-56-08p.m.,1490090168177,1490090167999,2017-03-21-5-56-07p.m.,gps,1.2964334687228736,103.77283188881648,16.0,51.754611120397946,109.27755,0.9041374
2017-03-21-5-56-18p.m.,1490090178149,1490090177999,2017-03-21-5-56-17p.m.,gps,1.2963671111818464,103.77303488673806,24.0,51.61657434356825,118.918304,0.35511437
2017-03-21-5-56-28p.m.,1490090188157,1490090187999,2017-03-21-5-56-27p.m.,gps,1.2961937090528457,103.77309571449709,24.0,51.51728213856802,103.81686,0.031052096
2017-03-21-5-56-38p.m.,1490090198162,1490090197999,2017-03-21-5-56-37p.m.,gps,1.296229380812857,103.77364642889499,12.0,51.38104758876165,354.8963,0.9061813
2017-03-21-5-56-48p.m.,1490090208171,1490090207999,2017-03-21-5-56-47p.m.,gps,1.2962225611712574,103.7737051956821,12.0,51.275090322983964,217.7285,0.46235684
2017-03-21-5-56-58p.m.,1490090218169,1490090217999,2017-03-21-5-56-57p.m.,gps,1.2961016253924775,103.77353269364335,4.0,51.348411292046485,117.745056,0.8187376
2017-03-21-5-57-08p.m.,1490090228171,1490090227999,2017-03-21-5-57-07p.m.,gps,1.2960748350769224,103.77350330416402,4.0,51.50583227485907,134.84724,0.7571269
2017-03-21-5-57-18p.m.,1490090238170,1490090237999,2017-03-21-5-57-17p.m.,gps,1.296031515739524,103.77345376554472,4.0,51.68923617124951,180.30101,0.6054063
2017-03-21-5-57-28p.m.,1490090248176,1490090247999,2017-03-21-5-57-27p.m.,gps,1.2959809598265846,103.77343396662978,4.0,51.85903499857226,153.77916,0.8612541
2017-03-21-5-57-38p.m.,1490090258173,1490090257999,2017-03-21-5-57-37p.m.,gps,1.2959126694274106,103.77344124257061,4.0,51.99429386218373,167.81754,0.5627037
2017-03-21-5-57-48p.m.,1490090268163,1490090267999,2017-03-21-5-57-47p.m.,gps,1.2958510076347767,103.77346840518493,4.0,52.07979980951833,186.29971,0.6397301
2017-03-21-5-57-58p.m.,1490090278165,1490090277999,2017-03-21-5-57-57p.m.,gps,1.2957431616157173,103.77345579942941,4.0,52.11399423687687,181.96167,0.7702283
2017-03-21-5-58-08p.m.,1490090288165,1490090287999,2017-03-21-5-58-07p.m.,gps,1.295624492594362,103.7734666680691,4.0,52.093408827734756,142.43004,0.6900495
2017-03-21-5-58-18p.m.,1490090298167,1490090297999,2017-03-21-5-58-17p.m.,gps,1.2955853857391055,103.77348656482492,4.0,52.04835488404916,166.57689,0.4625262
2017-03-21-5-58-28p.m.,1490090308194,1490090307999,2017-03-21-5-58-27p.m.,gps,1.2955027863732915,103.77349502389916,4.0,51.98669967794979,163.37978,0.8025413
2017-03-21-5-58-36p.m.,1490090316653,1490090311611,2017-03-21-5-58-31p.m.,network,1.2942991,103.7747201,500.0,-1.0,-1.0,-1.0
2017-03-21-5-58-48p.m.,1490090328265,1490090327999,2017-03-21-5-58-47p.m.,gps,1.2955868434141689,103.77345903845954,4.0,51.77662482211675,11.502736,0.25862655
2017-03-21-5-58-58p.m.,1490090338161,1490090337999,2017-03-21-5-58-57p.m.,gps,1.2956686807118118,103.77352856526561,4.0,51.631027103559276,10.96901,0.61118853
2017-03-21-5-59-08p.m.,1490090348165,1490090347999,2017-03-21-5-59-07p.m.,gps,1.295729821673185,103.77357396739059,4.0,51.489407470172495,38.522476,0.43838713
2017-03-21-5-59-18p.m.,1490090358172,1490090357999,2017-03-21-5-59-17p.m.,gps,1.2957987582085866,103.77358550969444,4.0,51.340674928380174,335.97098,0.65916765
2017-03-21-5-59-28p.m.,1490090368170,1490090367999,2017-03-21-5-59-27p.m.,gps,1.2958685186716086,103.7736175182622,4.0,51.18211499201031,27.060198,0.67925483
2017-03-21-5-59-38p.m.,1490090378166,1490090377999,2017-03-21-5-59-37p.m.,gps,1.29593496349114,103.77367554792086,3.0,51.01348150932665,4.002182,0.6781569
2017-03-21-5-59-48p.m.,1490090388161,1490090387999,2017-03-21-5-59-47p.m.,gps,1.2960216250865695,103.7736719342909,3.0,50.87662385092987,10.137384,0.38947812
2017-03-21-5-59-58p.m.,1490090398177,1490090397999,2017-03-21-5-59-57p.m.,gps,1.296095329640453,103.77361793447392,3.0,50.67952209558845,354.47235,0.44648516
2017-03-21-6-00-08p.m.,1490090408163,1490090407999,2017-03-21-6-00-07p.m.,gps,1.2961667242137218,103.77358405834323,3.0,50.46352371627776,324.647,0.23475227
2017-03-21-6-00-13p.m.,1490090413296,1490090404862,2017-03-21-6-00-04p.m.,network,1.2960981,103.7734979,24.394,-1.0,-1.0,-1.0
2017-03-21-6-00-28p.m.,1490090428170,1490090427999,2017-03-21-6-00-27p.m.,gps,1.2962762486004518,103.77363964183142,2.0,49.8322584491627,49.09642,0.4718937
2017-03-21-6-00-33p.m.,1490090433307,1490090419283,2017-03-21-6-00-19p.m.,network,1.2963917,103.7733169,33.279,-1.0,-1.0,-1.0
2017-03-21-6-00-48p.m.,1490090448158,1490090447999,2017-03-21-6-00-47p.m.,gps,1.2963814598077832,103.77360846223942,3.0,49.18239825796479,301.69244,0.87770224
2017-03-21-6-00-53p.m.,1490090453296,1490090448001,2017-03-21-6-00-48p.m.,network,1.2966834,103.7734979,25.186,-1.0,-1.0,-1.0
2017-03-21-6-01-17p.m.,1490090477252,1490090476498,2017-03-21-6-01-16p.m.,network,1.2960265,103.7732263,22.919,-1.0,-1.0,-1.0
2017-03-21-6-01-42p.m.,1490090502172,1490090502063,2017-03-21-6-01-42p.m.,gps,1.2959825353675862,103.77346354342178,16.0,92.92145029497841,122.35283,0.44065514
2017-03-21-6-01-52p.m.,1490090512169,1490090512036,2017-03-21-6-01-52p.m.,gps,1.2961979558697239,103.77337090214078,6.0,42.20059930448225,-1.0,0.44318607
2017-03-21-6-02-00p.m.,1490090520249,1490090516363,2017-03-21-6-01-56p.m.,network,1.2961365,103.7731811,23.183,-1.0,-1.0,-1.0
2017-03-21-6-02-12p.m.,1490090532166,1490090531999,2017-03-21-6-02-11p.m.,gps,1.296212150531208,103.77330162445031,6.0,47.182423108699226,286.52325,0.0
2017-03-21-6-02-20p.m.,1490090540905,1490090540850,2017-03-21-6-02-20p.m.,network,1.2961723,103.7733169,22.865,-1.0,-1.0,-1.0
2017-03-21-6-02-32p.m.,1490090552179,1490090551999,2017-03-21-6-02-31p.m.,gps,1.2960534186561146,103.77326728474966,3.0,49.04468117595909,162.403,0.66108704
2017-03-21-6-02-40p.m.,1490090560629,1490090555338,2017-03-21-6-02-35p.m.,network,1.2961723,103.7733169,24.396,-1.0,-1.0,-1.0
2017-03-21-6-02-52p.m.,1490090572176,1490090571999,2017-03-21-6-02-51p.m.,gps,1.295893569995476,103.77339205839728,3.0,48.82862353273327,157.19902,0.7154747
2017-03-21-6-03-02p.m.,1490090582181,1490090581999,2017-03-21-6-03-01p.m.,gps,1.2958160448816078,103.7734345289621,3.0,48.59359578722607,160.54301,0.5254255
2017-03-21-6-03-12p.m.,1490090592164,1490090591999,2017-03-21-6-03-11p.m.,gps,1.295727286888331,103.77347508427445,3.0,48.32833206159913,198.97504,0.5768721
2017-03-21-6-03-20p.m.,1490090600391,1490090584348,2017-03-21-6-03-04p.m.,network,1.2957329,103.7734074,23.381,-1.0,-1.0,-1.0
2017-03-21-6-03-32p.m.,1490090612180,1490090611999,2017-03-21-6-03-31p.m.,gps,1.295599953820488,103.7734614901573,3.0,47.82945154651454,132.1678,0.6153982
2017-03-21-6-03-42p.m.,1490090622185,1490090621999,2017-03-21-6-03-41p.m.,gps,1.2955213634375236,103.77347612881864,3.0,47.517934036852495,201.62437,0.41533056
2017-03-21-6-03-52p.m.,1490090632183,1490090631999,2017-03-21-6-03-51p.m.,gps,1.2955027912556256,103.77349519426228,3.0,47.162951737026496,125.52283,0.2541169
2017-03-21-6-04-02p.m.,1490090642164,1490090641999,2017-03-21-6-04-01p.m.,gps,1.2954966516470485,103.7735173764217,3.0,46.60620348429354,143.873,0.21466897
2017-03-21-6-04-12p.m.,1490090652158,1490090651999,2017-03-21-6-04-11p.m.,gps,1.295429628408324,103.77361325570186,3.0,45.92881589555361,171.30383,0.6888627
2017-03-21-6-04-21p.m.,1490090661598,1490090657829,2017-03-21-6-04-17p.m.,network,1.2957319,103.7735885,28.206,-1.0,-1.0,-1.0
2017-03-21-6-04-32p.m.,1490090672160,1490090671999,2017-03-21-6-04-31p.m.,gps,1.295306320139156,103.77363475641378,3.0,44.63595164380453,216.36778,0.70424175
2017-03-21-6-04-41p.m.,1490090681857,1490090678116,2017-03-21-6-04-38p.m.,network,1.2952924,103.773679,24.38,-1.0,-1.0,-1.0
2017-03-21-6-04-52p.m.,1490090692176,1490090691999,2017-03-21-6-04-51p.m.,gps,1.2952410176523461,103.77374797884087,8.0,43.35007635484098,205.35146,0.41558343
2017-03-21-6-05-01p.m.,1490090701595,1490090697600,2017-03-21-6-04-57p.m.,network,1.2951073,103.7740864,26.888,-1.0,-1.0,-1.0
2017-03-21-6-05-12p.m.,1490090712176,1490090711999,2017-03-21-6-05-11p.m.,gps,1.2951743562807518,103.77389958833672,6.0,42.22933466290549,140.93723,0.38078183
2017-03-21-6-05-22p.m.,1490090722184,1490090721999,2017-03-21-6-05-21p.m.,gps,1.2951132650575874,103.77395864523695,6.0,41.724408270217985,202.28534,0.50032806
2017-03-21-6-05-32p.m.,1490090732178,1490090731999,2017-03-21-6-05-31p.m.,gps,1.2950601998452587,103.77397679558503,4.0,41.29528263833232,77.35909,0.46411684
2017-03-21-6-05-42p.m.,1490090742160,1490090741999,2017-03-21-6-05-41p.m.,gps,1.295039835335603,103.7739965720919,4.0,41.08712799482394,75.634346,0.012540587
2017-03-21-6-05-52p.m.,1490090752165,1490090751999,2017-03-21-6-05-51p.m.,gps,1.295024438413438,103.77397561262407,4.0,40.89385031849771,85.08728,0.29635173
2017-03-21-6-06-02p.m.,1490090762177,1490090761999,2017-03-21-6-06-01p.m.,gps,1.2950194737149503,103.77396003541858,3.0,40.62602502856582,107.91513,0.26692712
2017-03-21-6-06-12p.m.,1490090772183,1490090771999,2017-03-21-6-06-11p.m.,gps,1.2950222306647152,103.77395757105914,4.0,40.577445197497354,107.91513,0.17920223
2017-03-21-6-06-22p.m.,1490090782188,1490090781999,2017-03-21-6-06-21p.m.,gps,1.2950224050732153,103.77396497053347,3.0,40.520573913025906,107.91513,0.019631956
2017-03-21-6-06-32p.m.,1490090792173,1490090791999,2017-03-21-6-06-31p.m.,gps,1.2950277138545028,103.77396884110554,3.0,40.45835902462678,107.91513,0.012069709
2017-03-21-6-06-42p.m.,1490090802150,1490090801999,2017-03-21-6-06-41p.m.,gps,1.2950470852389186,103.77397142730554,4.0,40.189847975111626,107.91513,0.02823355
2017-03-21-6-06-52p.m.,1490090812149,1490090811999,2017-03-21-6-06-51p.m.,gps,1.2950453946340508,103.77397218003878,3.0,40.064339013499655,107.91513,0.12650236
2017-03-21-6-07-02p.m.,1490090822179,1490090821999,2017-03-21-6-07-01p.m.,gps,1.295027549207627,103.77394019487132,4.0,39.827077193166694,107.91513,0.032618124
2017-03-21-6-07-12p.m.,1490090832142,1490090831999,2017-03-21-6-07-11p.m.,gps,1.2950520073556944,103.77391876582988,4.0,39.65397871252898,10.54891,0.006615645
2017-03-21-6-07-22p.m.,1490090842180,1490090841999,2017-03-21-6-07-21p.m.,gps,1.2950363610287532,103.77392306084639,3.0,39.59576625940266,10.54891,0.0044728615
2017-03-21-6-07-32p.m.,1490090852147,1490090851999,2017-03-21-6-07-31p.m.,gps,1.2950159309432812,103.77392445648408,3.0,39.29459583438229,206.38014,0.3412186
2017-03-21-6-07-42p.m.,1490090862142,1490090861999,2017-03-21-6-07-41p.m.,gps,1.294991409541527,103.77392462479625,6.0,38.96181909802214,222.52213,0.033774223
2017-03-21-6-07-52p.m.,1490090872155,1490090871999,2017-03-21-6-07-51p.m.,gps,1.2950045438103537,103.77391175876457,4.0,38.90670210341368,222.52213,0.14358366
2017-03-21-6-08-02p.m.,1490090882151,1490090881999,2017-03-21-6-08-01p.m.,gps,1.2950398522505295,103.77392707717493,3.0,38.722422494358725,175.28688,0.3185627
2017-03-21-6-08-12p.m.,1490090892145,1490090891999,2017-03-21-6-08-11p.m.,gps,1.295023012570133,103.77393698089118,3.0,38.41124640422387,175.28688,0.03432672
2017-03-21-6-08-22p.m.,1490090902172,1490090901999,2017-03-21-6-08-21p.m.,gps,1.2950249659007491,103.7739405048696,3.0,38.20527576418233,175.28688,0.06476871
2017-03-21-6-08-32p.m.,1490090912138,1490090911999,2017-03-21-6-08-31p.m.,gps,1.2950240379991116,103.77394253527272,3.0,38.12613514546806,175.28688,0.084962554
2017-03-21-6-08-42p.m.,1490090922147,1490090921999,2017-03-21-6-08-41p.m.,gps,1.295022831040253,103.77394416465947,3.0,38.03603308590471,175.28688,0.027653089
2017-03-21-6-08-52p.m.,1490090932155,1490090931999,2017-03-21-6-08-51p.m.,gps,1.2949887193513794,103.7739468027598,4.0,37.45523159917784,175.28688,0.1724721
2017-03-21-6-09-02p.m.,1490090942149,1490090941999,2017-03-21-6-09-01p.m.,gps,1.2949969577205191,103.77393439742612,4.0,37.282216660952095,175.28688,0.15505044
2017-03-21-6-09-12p.m.,1490090952143,1490090951999,2017-03-21-6-09-11p.m.,gps,1.29500116581745,103.7739302651418,4.0,37.009929723910666,175.28688,0.11377815
2017-03-21-6-09-22p.m.,1490090962142,1490090961999,2017-03-21-6-09-21p.m.,gps,1.2949953569523196,103.77393679767474,3.0,36.49061593167152,175.28688,0.033292502
2017-03-21-6-09-32p.m.,1490090972140,1490090971999,2017-03-21-6-09-31p.m.,gps,1.2949840429898007,103.77392424917369,4.0,35.703154034654425,205.49344,0.24614829
2017-03-21-6-09-42p.m.,1490090982142,1490090981999,2017-03-21-6-09-41p.m.,gps,1.2949914642282205,103.77390795866008,3.0,35.201976709815746,220.10228,0.26886207
2017-03-21-6-09-52p.m.,1490090992156,1490090991999,2017-03-21-6-09-51p.m.,gps,1.2950258668622296,103.77389786237116,4.0,34.7790681922372,278.46725,0.0030232985
2017-03-21-6-10-02p.m.,1490091002155,1490091001999,2017-03-21-6-10-01p.m.,gps,1.2950199412483798,103.7739083372412,3.0,34.62722978839602,278.46725,0.17071526
2017-03-21-6-10-12p.m.,1490091012135,1490091011999,2017-03-21-6-10-11p.m.,gps,1.2949945400680156,103.77391810038282,3.0,34.40918675388393,278.46725,0.046083026
2017-03-21-6-10-22p.m.,1490091022146,1490091021999,2017-03-21-6-10-21p.m.,gps,1.29497768906943,103.77392072155932,3.0,34.265261037084834,278.46725,0.04000618
2017-03-21-6-10-32p.m.,1490091032158,1490091031999,2017-03-21-6-10-31p.m.,gps,1.2949509262403642,103.77391319290403,3.0,34.11836145213995,278.46725,0.11313272
2017-03-21-6-10-42p.m.,1490091042172,1490091041999,2017-03-21-6-10-41p.m.,gps,1.2949411103916242,103.77388652428098,3.0,33.96127478549336,278.46725,0.025615143
2017-03-21-6-10-52p.m.,1490091052156,1490091051999,2017-03-21-6-10-51p.m.,gps,1.29492680958459,103.77389621717627,3.0,33.70670370360897,278.46725,0.12559739
2017-03-21-6-11-02p.m.,1490091062149,1490091061999,2017-03-21-6-11-01p.m.,gps,1.2949302760932775,103.7739017196932,3.0,33.608898615968684,278.46725,0.032474406
2017-03-21-6-11-12p.m.,1490091072165,1490091071999,2017-03-21-6-11-11p.m.,gps,1.294930015325123,103.77390510207573,4.0,33.126452208064144,47.174442,0.026303478
2017-03-21-6-11-22p.m.,1490091082170,1490091081999,2017-03-21-6-11-21p.m.,gps,1.2949310848144309,103.7739108656673,3.0,33.01600425322539,47.174442,0.029972518
2017-03-21-6-11-32p.m.,1490091092180,1490091091999,2017-03-21-6-11-31p.m.,gps,1.2949353841769011,103.7739195659042,2.0,32.8953162638483,47.174442,0.015777865
2017-03-21-6-11-42p.m.,1490091102162,1490091101999,2017-03-21-6-11-41p.m.,gps,1.2949411715406396,103.77394067891247,2.0,32.5476997702328,47.174442,0.1823472
2017-03-21-6-11-52p.m.,1490091112154,1490091111999,2017-03-21-6-11-51p.m.,gps,1.2949257945519141,103.77396977566667,2.0,31.94418792227406,122.12621,0.21036543
2017-03-21-6-12-02p.m.,1490091122137,1490091121999,2017-03-21-6-12-01p.m.,gps,1.2949470030889023,103.77395729946642,3.0,31.58697877793786,122.12621,0.030587548
2017-03-21-6-12-12p.m.,1490091132158,1490091131999,2017-03-21-6-12-11p.m.,gps,1.294957116924927,103.77395912112048,3.0,31.496496824033326,122.12621,0.014762389
2017-03-21-6-12-22p.m.,1490091142161,1490091141999,2017-03-21-6-12-21p.m.,gps,1.294935151304462,103.77398964066444,2.0,30.959575337997357,107.33677,0.42869905
2017-03-21-6-12-32p.m.,1490091152172,1490091151999,2017-03-21-6-12-31p.m.,gps,1.294935118216303,103.77398415021563,3.0,30.679012520924747,109.58378,0.011783474
2017-03-21-6-12-42p.m.,1490091162173,1490091161999,2017-03-21-6-12-41p.m.,gps,1.294939066063409,103.77398353109864,3.0,30.602680960874157,109.58378,0.02020499
2017-03-21-6-12-52p.m.,1490091172193,1490091171999,2017-03-21-6-12-51p.m.,gps,1.294942018355464,103.77398351704635,2.0,30.523327490176754,109.58378,0.03589319
2017-03-21-6-13-02p.m.,1490091182153,1490091181999,2017-03-21-6-13-01p.m.,gps,1.2949466663288323,103.77397841907649,3.0,30.440770474311712,109.58378,0.032759678
2017-03-21-6-13-12p.m.,1490091192143,1490091191999,2017-03-21-6-13-11p.m.,gps,1.2949582782087898,103.77394733987853,3.0,30.27310104799356,109.58378,0.046718825
2017-03-21-6-13-22p.m.,1490091202161,1490091201999,2017-03-21-6-13-21p.m.,gps,1.2949552036620058,103.77394354887987,2.0,30.017023372513233,109.58378,0.025608152
2017-03-21-6-13-32p.m.,1490091212144,1490091211999,2017-03-21-6-13-31p.m.,gps,1.2949497088959694,103.77394653406948,3.0,29.92519527823996,109.58378,0.029961158
2017-03-21-6-13-42p.m.,1490091222158,1490091221999,2017-03-21-6-13-41p.m.,gps,1.2949585864502062,103.77394479025288,3.0,29.505036611972464,109.58378,0.012308554
2017-03-21-6-13-52p.m.,1490091232148,1490091231999,2017-03-21-6-13-51p.m.,gps,1.2949901098530596,103.77394598260626,4.0,29.008255373519045,109.58378,0.15798852
2017-03-21-6-14-02p.m.,1490091242167,1490091241999,2017-03-21-6-14-01p.m.,gps,1.295003565197214,103.77393675330977,3.0,28.424936810896504,102.34247,0.014128803
2017-03-21-6-14-12p.m.,1490091252169,1490091251999,2017-03-21-6-14-11p.m.,gps,1.2949960518535684,103.7739395691283,3.0,28.333799337772156,102.34247,0.046013836
2017-03-21-6-14-22p.m.,1490091262177,1490091261999,2017-03-21-6-14-21p.m.,gps,1.2949916394402023,103.77394448574981,3.0,28.23922579114852,102.34247,0.045003586
2017-03-21-6-14-32p.m.,1490091272156,1490091271999,2017-03-21-6-14-31p.m.,gps,1.2949938162446355,103.77394529393823,3.0,28.1373076305301,102.34247,0.035546646
2017-03-21-6-14-42p.m.,1490091282145,1490091281999,2017-03-21-6-14-41p.m.,gps,1.2949965598728481,103.7739361766498,4.0,28.030872977257904,102.34247,0.005647561
2017-03-21-6-14-52p.m.,1490091292164,1490091291999,2017-03-21-6-14-51p.m.,gps,1.2949777298786085,103.77395079037397,3.0,27.71605365770857,133.93373,0.14089136
2017-03-21-6-15-02p.m.,1490091302165,1490091301999,2017-03-21-6-15-01p.m.,gps,1.2949780380044489,103.77392024526678,3.0,27.40606406745254,133.93373,0.025689479
2017-03-21-6-15-12p.m.,1490091312153,1490091311999,2017-03-21-6-15-11p.m.,gps,1.2949723922285994,103.7739166676667,3.0,27.297021560840392,133.93373,0.048629876
2017-03-21-6-15-22p.m.,1490091322172,1490091321999,2017-03-21-6-15-21p.m.,gps,1.2949640270616047,103.77390892788937,3.0,27.18819540409268,133.93373,0.030228147
2017-03-21-6-15-32p.m.,1490091332162,1490091331999,2017-03-21-6-15-31p.m.,gps,1.2949410609649104,103.77390090305633,3.0,27.0786623475064,133.93373,0.1015314
2017-03-21-6-15-42p.m.,1490091342147,1490091341999,2017-03-21-6-15-41p.m.,gps,1.294932937298339,103.7738985337165,3.0,26.771544327444417,133.93373,0.0919807
2017-03-21-6-15-52p.m.,1490091352186,1490091351999,2017-03-21-6-15-51p.m.,gps,1.2949551050832129,103.7739099095971,4.0,26.279100339921055,133.93373,0.14835742
2017-03-21-6-16-09p.m.,1490091369576,1490091369455,2017-03-21-6-16-09p.m.,network,1.2949978,103.7740412,22.095,-1.0,-1.0,-1.0
2017-03-21-6-17-36p.m.,1490091456081,1490091455980,2017-03-21-6-17-35p.m.,gps,1.295042225086333,103.77414444818722,24.0,59.98375556355547,140.32977,0.23036297
2017-03-21-6-17-46p.m.,1490091466150,1490091465999,2017-03-21-6-17-45p.m.,gps,1.2950212926843676,103.77406878591196,8.0,31.703595856051585,-1.0,0.0
2017-03-21-6-17-55p.m.,1490091475071,1490091469711,2017-03-21-6-17-49p.m.,network,1.2949978,103.7740412,22.091,-1.0,-1.0,-1.0
2017-03-21-6-18-06p.m.,1490091486151,1490091486000,2017-03-21-6-18-06p.m.,gps,1.2949771244334272,103.77401245274676,6.0,32.55392245935814,-1.0,0.0
2017-03-21-6-18-15p.m.,1490091495110,1490091489709,2017-03-21-6-18-09p.m.,network,1.2949978,103.7740412,22.086,-1.0,-1.0,-1.0
2017-03-21-6-18-26p.m.,1490091506176,1490091506000,2017-03-21-6-18-26p.m.,gps,1.2949770274538959,103.77398747656238,3.0,32.48438270578941,-1.0,0.03689137
2017-03-21-6-18-35p.m.,1490091515141,1490091509806,2017-03-21-6-18-29p.m.,network,1.2949978,103.7740412,22.09,-1.0,-1.0,-1.0
2017-03-21-6-18-46p.m.,1490091526183,1490091526000,2017-03-21-6-18-46p.m.,gps,1.2949502258350143,103.77395319210797,3.0,31.8301731441336,-1.0,0.057913657
2017-03-21-6-18-55p.m.,1490091535109,1490091529854,2017-03-21-6-18-49p.m.,network,1.2949978,103.7740412,22.102,-1.0,-1.0,-1.0
2017-03-21-6-19-06p.m.,1490091546178,1490091546000,2017-03-21-6-19-06p.m.,gps,1.2949663624772356,103.77396181029181,3.0,30.19140489140233,-1.0,0.013855152
2017-03-21-6-19-15p.m.,1490091555103,1490091549840,2017-03-21-6-19-09p.m.,network,1.2949978,103.7740412,22.094,-1.0,-1.0,-1.0
2017-03-21-6-19-26p.m.,1490091566184,1490091566000,2017-03-21-6-19-26p.m.,gps,1.2949559132027808,103.77395695161623,3.0,29.897881332378702,-1.0,0.026482532
2017-03-21-6-19-35p.m.,1490091575248,1490091569855,2017-03-21-6-19-29p.m.,network,1.2949978,103.7740412,22.091,-1.0,-1.0,-1.0
2017-03-21-6-19-46p.m.,1490091586157,1490091586000,2017-03-21-6-19-46p.m.,gps,1.2949475433980782,103.77394619000978,3.0,29.680289258854295,-1.0,0.011570211
2017-03-21-6-19-55p.m.,1490091595244,1490091589889,2017-03-21-6-19-49p.m.,network,1.2949978,103.7740412,22.075,-1.0,-1.0,-1.0
2017-03-21-6-20-06p.m.,1490091606143,1490091606000,2017-03-21-6-20-06p.m.,gps,1.2949500200071324,103.77392512229754,3.0,29.252840680206784,-1.0,0.058758967
2017-03-21-6-20-15p.m.,1490091615184,1490091609949,2017-03-21-6-20-09p.m.,network,1.2949978,103.7740412,22.076,-1.0,-1.0,-1.0
2017-03-21-6-20-26p.m.,1490091626157,1490091626000,2017-03-21-6-20-26p.m.,gps,1.2949688134041084,103.77393481582949,3.0,27.776695226526932,-1.0,0.14609958
2017-03-21-6-20-35p.m.,1490091635356,1490091629981,2017-03-21-6-20-29p.m.,network,1.2949978,103.7740412,22.081,-1.0,-1.0,-1.0
2017-03-21-6-20-46p.m.,1490091646170,1490091646000,2017-03-21-6-20-46p.m.,gps,1.2948248488378817,103.77393409834953,12.0,25.522724407169367,-1.0,0.4343182
2017-03-21-6-20-55p.m.,1490091655349,1490091650012,2017-03-21-6-20-50p.m.,network,1.2949978,103.7740412,22.1,-1.0,-1.0,-1.0
2017-03-21-6-21-15p.m.,1490091675407,1490091670006,2017-03-21-6-21-10p.m.,network,1.2949983,103.7739506,22.119,-1.0,-1.0,-1.0
2017-03-21-6-21-23p.m.,1490091683423,1490091680038,2017-03-21-6-21-20p.m.,network,1.2949983,103.7739506,22.12,-1.0,-1.0,-1.0
2017-03-21-6-21-44p.m.,1490091704496,1490091700215,2017-03-21-6-21-40p.m.,network,1.2949988,103.7738601,22.084,-1.0,-1.0,-1.0
2017-03-21-6-22-04p.m.,1490091724528,1490091720188,2017-03-21-6-22-00p.m.,network,1.2949988,103.7738601,22.077,-1.0,-1.0,-1.0
2017-03-21-6-22-24p.m.,1490091744520,1490091740254,2017-03-21-6-22-20p.m.,network,1.2949988,103.7738601,22.114,-1.0,-1.0,-1.0
2017-03-21-6-22-44p.m.,1490091764522,1490091760268,2017-03-21-6-22-40p.m.,network,1.2949988,103.7738601,22.099,-1.0,-1.0,-1.0
2017-03-21-6-23-04p.m.,1490091784541,1490091780310,2017-03-21-6-23-00p.m.,network,1.2949988,103.7738601,22.095,-1.0,-1.0,-1.0
2017-03-21-6-23-24p.m.,1490091804577,1490091800400,2017-03-21-6-23-20p.m.,network,1.2949988,103.7738601,22.097,-1.0,-1.0,-1.0
2017-03-21-6-23-44p.m.,1490091824644,1490091820459,2017-03-21-6-23-40p.m.,network,1.2949988,103.7738601,22.105,-1.0,-1.0,-1.0
2017-03-21-6-24-04p.m.,1490091844682,1490091840444,2017-03-21-6-24-00p.m.,network,1.2949988,103.7738601,22.096,-1.0,-1.0,-1.0
2017-03-21-6-24-24p.m.,1490091864692,1490091860514,2017-03-21-6-24-20p.m.,network,1.2949988,103.7738601,22.103,-1.0,-1.0,-1.0
2017-03-21-6-24-44p.m.,1490091884721,1490091880432,2017-03-21-6-24-40p.m.,network,1.2949988,103.7738601,22.104,-1.0,-1.0,-1.0
2017-03-21-6-25-04p.m.,1490091904827,1490091900578,2017-03-21-6-25-00p.m.,network,1.2949988,103.7738601,22.101,-1.0,-1.0,-1.0
2017-03-21-6-25-24p.m.,1490091924810,1490091920654,2017-03-21-6-25-20p.m.,network,1.2949988,103.7738601,22.103,-1.0,-1.0,-1.0
2017-03-21-6-25-44p.m.,1490091944827,1490091940681,2017-03-21-6-25-40p.m.,network,1.2949988,103.7738601,22.096,-1.0,-1.0,-1.0
2017-03-21-6-26-04p.m.,1490091964880,1490091960675,2017-03-21-6-26-00p.m.,network,1.2949988,103.7738601,22.098,-1.0,-1.0,-1.0
2017-03-21-6-26-24p.m.,1490091984869,1490091980784,2017-03-21-6-26-20p.m.,network,1.2949988,103.7738601,22.1,-1.0,-1.0,-1.0
2017-03-21-6-26-44p.m.,1490092004885,1490092000676,2017-03-21-6-26-40p.m.,network,1.2949988,103.7738601,22.093,-1.0,-1.0,-1.0
2017-03-21-6-27-04p.m.,1490092024941,1490092020834,2017-03-21-6-27-00p.m.,network,1.2949988,103.7738601,22.094,-1.0,-1.0,-1.0
2017-03-21-6-27-24p.m.,1490092044893,1490092040840,2017-03-21-6-27-20p.m.,network,1.2949988,103.7738601,22.101,-1.0,-1.0,-1.0
2017-03-21-6-27-44p.m.,1490092064981,1490092060872,2017-03-21-6-27-40p.m.,network,1.2949988,103.7738601,22.093,-1.0,-1.0,-1.0
2017-03-21-6-28-04p.m.,1490092084921,1490092080918,2017-03-21-6-28-00p.m.,network,1.2949988,103.7738601,22.09,-1.0,-1.0,-1.0
2017-03-21-6-28-25p.m.,1490092105426,1490092100975,2017-03-21-6-28-20p.m.,network,1.2949988,103.7738601,22.098,-1.0,-1.0,-1.0
2017-03-21-6-28-45p.m.,1490092125215,1490092120928,2017-03-21-6-28-40p.m.,network,1.2949988,103.7738601,22.092,-1.0,-1.0,-1.0
2017-03-21-6-29-05p.m.,1490092145279,1490092141029,2017-03-21-6-29-01p.m.,network,1.2949988,103.7738601,22.094,-1.0,-1.0,-1.0
2017-03-21-6-29-25p.m.,1490092165539,1490092161084,2017-03-21-6-29-21p.m.,network,1.2949988,103.7738601,22.103,-1.0,-1.0,-1.0
2017-03-21-6-29-45p.m.,1490092185429,1490092181149,2017-03-21-6-29-41p.m.,network,1.2949988,103.7738601,22.095,-1.0,-1.0,-1.0
2017-03-21-6-30-05p.m.,1490092205434,1490092201177,2017-03-21-6-30-01p.m.,network,1.2949988,103.7738601,22.109,-1.0,-1.0,-1.0
2017-03-21-6-30-25p.m.,1490092225657,1490092221088,2017-03-21-6-30-21p.m.,network,1.2949988,103.7738601,22.11,-1.0,-1.0,-1.0
2017-03-21-6-30-45p.m.,1490092245589,1490092241161,2017-03-21-6-30-41p.m.,network,1.2949988,103.7738601,22.1,-1.0,-1.0,-1.0
2017-03-21-6-31-05p.m.,1490092265627,1490092261118,2017-03-21-6-31-01p.m.,network,1.2949988,103.7738601,22.119,-1.0,-1.0,-1.0
2017-03-21-6-31-25p.m.,1490092285869,1490092281169,2017-03-21-6-31-21p.m.,network,1.2949988,103.7738601,22.1,-1.0,-1.0,-1.0
2017-03-21-6-31-51p.m.,1490092311396,1490092311320,2017-03-21-6-31-51p.m.,network,1.2949988,103.7738601,22.092,-1.0,-1.0,-1.0
2017-03-21-6-36-51p.m.,1490092611780,1490092601926,2017-03-21-6-36-41p.m.,network,1.2949988,103.7738601,22.103,-1.0,-1.0,-1.0
2017-03-21-6-41-52p.m.,1490092912577,1490092912485,2017-03-21-6-41-52p.m.,network,1.2949988,103.7738601,22.101,-1.0,-1.0,-1.0
2017-03-21-6-45-00p.m.,1490093100698,1490093092779,2017-03-21-6-44-52p.m.,network,1.294853,103.7737696,22.109,-1.0,-1.0,-1.0
2017-03-21-6-45-20p.m.,1490093120539,1490093112796,2017-03-21-6-45-12p.m.,network,1.294853,103.7737696,22.108,-1.0,-1.0,-1.0
2017-03-21-6-45-32p.m.,1490093132724,1490093132615,2017-03-21-6-45-32p.m.,gps,1.2945052376799302,103.77339892371005,64.0,67.0608422383943,220.24704,0.78220254
2017-03-21-6-45-41p.m.,1490093141012,1490093132821,2017-03-21-6-45-32p.m.,network,1.294853,103.7737696,22.121,-1.0,-1.0,-1.0
2017-03-21-6-45-53p.m.,1490093153163,1490093152999,2017-03-21-6-45-52p.m.,gps,1.2946124860784447,103.77361742583787,6.0,31.646728437791005,-1.0,0.0
2017-03-21-6-46-02p.m.,1490093162852,1490093162775,2017-03-21-6-46-02p.m.,network,1.2946336,103.7737696,22.412,-1.0,-1.0,-1.0
2017-03-21-6-46-13p.m.,1490093173183,1490093172999,2017-03-21-6-46-12p.m.,gps,1.294532095992702,103.77379277354551,6.0,42.017412709105116,74.63717,0.58842725
2017-03-21-6-46-22p.m.,1490093182912,1490093172684,2017-03-21-6-46-12p.m.,network,1.2945599,103.7738601,25.408,-1.0,-1.0,-1.0
2017-03-21-6-46-33p.m.,1490093193181,1490093193000,2017-03-21-6-46-33p.m.,gps,1.2944272126505916,103.77386985168593,4.0,41.93201670632121,197.45914,0.8847672
2017-03-21-6-46-43p.m.,1490093203005,1490093202830,2017-03-21-6-46-42p.m.,network,1.2945231,103.7739054,23.187,-1.0,-1.0,-1.0
2017-03-21-6-46-53p.m.,1490093213160,1490093213000,2017-03-21-6-46-53p.m.,gps,1.294263975216996,103.77378959591046,4.0,43.66397499156732,228.6884,0.7563919
2017-03-21-6-47-03p.m.,1490093223031,1490093212869,2017-03-21-6-46-52p.m.,network,1.2944858,103.7740412,23.709,-1.0,-1.0,-1.0
2017-03-21-6-47-13p.m.,1490093233164,1490093233000,2017-03-21-6-47-13p.m.,gps,1.2942642618635645,103.77377769296149,4.0,44.06002088335824,249.8051,0.029801486
2017-03-21-6-47-22p.m.,1490093242984,1490093232901,2017-03-21-6-47-12p.m.,network,1.2943758,103.7740864,23.764,-1.0,-1.0,-1.0
2017-03-21-6-47-33p.m.,1490093253130,1490093253000,2017-03-21-6-47-33p.m.,gps,1.2942963785284731,103.7737714942842,4.0,44.64057668177168,249.8051,0.23041105
2017-03-21-6-47-43p.m.,1490093263146,1490093263000,2017-03-21-6-47-43p.m.,gps,1.2943094036658518,103.77376178106766,3.0,44.911178170359015,249.8051,0.017289696
2017-03-21-6-47-53p.m.,1490093273152,1490093273000,2017-03-21-6-47-53p.m.,gps,1.2943171023679405,103.77374760172839,4.0,45.35024850629387,291.5267,0.25074762
2017-03-21-6-48-03p.m.,1490093283096,1490093273011,2017-03-21-6-47-53p.m.,network,1.2944858,103.7740412,24.028,-1.0,-1.0,-1.0
2017-03-21-6-48-13p.m.,1490093293173,1490093293000,2017-03-21-6-48-13p.m.,gps,1.294334521051385,103.77370043846327,4.0,45.81639152435765,291.5267,0.057898384
2017-03-21-6-48-23p.m.,1490093303136,1490093303000,2017-03-21-6-48-23p.m.,gps,1.29434438862508,103.77370159299788,6.0,45.864521186412105,291.5267,0.036913875
2017-03-21-6-48-33p.m.,1490093313174,1490093313000,2017-03-21-6-48-33p.m.,gps,1.2943461181675116,103.77370478394924,4.0,45.91309656915543,291.5267,0.021321518
2017-03-21-6-48-43p.m.,1490093323181,1490093323000,2017-03-21-6-48-43p.m.,gps,1.29434236345589,103.77370550432742,4.0,45.95692190474127,291.5267,0.015259352
2017-03-21-6-48-53p.m.,1490093333159,1490093333000,2017-03-21-6-48-53p.m.,gps,1.2943393175020292,103.77370483387321,4.0,45.99072365267214,291.5267,0.018127678
2017-03-21-6-49-03p.m.,1490093343214,1490093343000,2017-03-21-6-49-03p.m.,gps,1.2943360732160418,103.77370441713236,4.0,46.02028848120583,291.5267,0.02133901
2017-03-21-6-49-13p.m.,1490093353167,1490093353000,2017-03-21-6-49-13p.m.,gps,1.2943340035952793,103.77370436671069,4.0,46.04336761870287,291.5267,0.012567512
2017-03-21-6-49-23p.m.,1490093363183,1490093363000,2017-03-21-6-49-23p.m.,gps,1.2943329499580714,103.77370653868824,4.0,46.06724571506694,291.5267,0.026339198
2017-03-21-6-49-33p.m.,1490093373190,1490093373000,2017-03-21-6-49-33p.m.,gps,1.2943317434072148,103.77370765895914,4.0,46.08062227380638,291.5267,0.050924674
2017-03-21-6-49-43p.m.,1490093383168,1490093383000,2017-03-21-6-49-43p.m.,gps,1.2943332245268266,103.7737112437294,4.0,46.077226761735254,291.5267,0.02653455
2017-03-21-6-49-53p.m.,1490093393171,1490093393000,2017-03-21-6-49-53p.m.,gps,1.2943354374122629,103.77371421275244,4.0,46.055828704852,291.5267,0.012701519
2017-03-21-6-50-03p.m.,1490093403168,1490093403000,2017-03-21-6-50-03p.m.,gps,1.2943335316358213,103.77371527636834,4.0,46.034994432783925,291.5267,0.035308905
2017-03-21-6-50-13p.m.,1490093413199,1490093413000,2017-03-21-6-50-13p.m.,gps,1.2943337528669303,103.77371598100828,4.0,46.01317302140099,291.5267,0.020580081
2017-03-21-6-50-23p.m.,1490093423162,1490093423000,2017-03-21-6-50-23p.m.,gps,1.2943322949786753,103.77370996288315,4.0,45.95974055950809,291.5267,0.009412242
2017-03-21-6-50-33p.m.,1490093433170,1490093433000,2017-03-21-6-50-33p.m.,gps,1.2943120929267298,103.77368556174847,4.0,45.767517286412094,283.62265,0.5895745
2017-03-21-6-50-43p.m.,1490093443185,1490093443000,2017-03-21-6-50-43p.m.,gps,1.2942931598446548,103.77367234053607,4.0,45.600982655356106,249.59459,1.8524224
2017-03-21-6-50-53p.m.,1490093453168,1490093453000,2017-03-21-6-50-53p.m.,gps,1.2945612006021012,103.77330455424462,4.0,44.9263571242997,285.02557,5.4169755
2017-03-21-6-51-03p.m.,1490093463170,1490093463000,2017-03-21-6-51-03p.m.,gps,1.294594047361577,103.7729447053505,4.0,44.85093967856537,284.23987,4.524984
2017-03-21-6-51-13p.m.,1490093473290,1490093473000,2017-03-21-6-51-13p.m.,gps,1.2942630788026062,103.77271683259093,3.0,44.66846131077599,216.45863,4.310309
2017-03-21-6-51-23p.m.,1490093483168,1490093483000,2017-03-21-6-51-23p.m.,gps,1.2941516939109146,103.77259776257699,3.0,44.61436341965787,249.28937,2.8250208
2017-03-21-6-51-33p.m.,1490093493171,1490093493000,2017-03-21-6-51-33p.m.,gps,1.2938876123746734,103.77223616894362,3.0,44.407799376251546,228.37302,4.0242405
2017-03-21-6-51-43p.m.,1490093503186,1490093503000,2017-03-21-6-51-43p.m.,gps,1.2934960490822782,103.77214888498716,4.0,44.43100161385967,222.97458,3.5239189
2017-03-21-6-51-53p.m.,1490093513174,1490093513000,2017-03-21-6-51-53p.m.,gps,1.293456426897621,103.7716792574749,3.0,44.89728704322212,281.1916,4.5730896
2017-03-21-6-52-03p.m.,1490093523165,1490093523000,2017-03-21-6-52-03p.m.,gps,1.293913666841255,103.77083148484387,6.0,44.699210983761304,324.0298,11.344348
2017-03-21-6-52-13p.m.,1490093533175,1490093533000,2017-03-21-6-52-13p.m.,gps,1.294869824329901,103.77055593176446,4.0,40.3599938643529,2.4531481,9.355406
2017-03-21-6-52-23p.m.,1490093543170,1490093543000,2017-03-21-6-52-23p.m.,gps,1.2953228161924253,103.77061114507613,4.0,38.15445412691497,19.320103,0.0
2017-03-21-6-52-33p.m.,1490093553190,1490093553000,2017-03-21-6-52-33p.m.,gps,1.2953610821349433,103.77063351516627,6.0,38.2839071817247,33.8266,2.8609328
2017-03-21-6-52-43p.m.,1490093563174,1490093563000,2017-03-21-6-52-43p.m.,gps,1.2958687857228308,103.77083406740962,6.0,37.31149059993985,11.672564,5.7917204
2017-03-21-6-52-53p.m.,1490093573165,1490093573000,2017-03-21-6-52-53p.m.,gps,1.2960475372891602,103.77087141339594,4.0,37.14807127056574,7.003624,0.0
2017-03-21-6-53-03p.m.,1490093583181,1490093583000,2017-03-21-6-53-03p.m.,gps,1.2960475372891602,103.77087141339594,6.0,37.12161040237923,7.003624,0.0
2017-03-21-6-53-13p.m.,1490093593172,1490093593000,2017-03-21-6-53-13p.m.,gps,1.2960475372891602,103.77087141339594,6.0,37.090683337934266,7.003624,0.0
2017-03-21-6-53-23p.m.,1490093603160,1490093603000,2017-03-21-6-53-23p.m.,gps,1.2960924834341148,103.77090326159924,6.0,37.03368647958302,7.003624,0.0
2017-03-21-6-53-33p.m.,1490093613173,1490093613000,2017-03-21-6-53-33p.m.,gps,1.2961329119621898,103.77092318486953,4.0,36.93716332612339,7.003624,0.0
2017-03-21-6-53-43p.m.,1490093623179,1490093623000,2017-03-21-6-53-43p.m.,gps,1.2961329119621898,103.77092318486953,6.0,36.814856111339346,7.003624,0.0
2017-03-21-6-53-53p.m.,1490093633180,1490093633000,2017-03-21-6-53-53p.m.,gps,1.2961377906055442,103.7709478358773,4.0,36.374592940747185,4.490473,1.6349447
2017-03-21-6-54-03p.m.,1490093643166,1490093643000,2017-03-21-6-54-03p.m.,gps,1.296364175947042,103.77131790813603,3.0,31.201625459297,93.846596,8.160744
2017-03-21-6-54-13p.m.,1490093653180,1490093653000,2017-03-21-6-54-13p.m.,gps,1.2965381902225301,103.77209697297612,4.0,31.24902394148195,51.05857,9.734759
2017-03-21-6-54-23p.m.,1490093663186,1490093663000,2017-03-21-6-54-23p.m.,gps,1.2969496054664087,103.7725056332334,4.0,35.963061252585604,39.087185,4.9825883
2017-03-21-6-54-33p.m.,1490093673166,1490093673000,2017-03-21-6-54-33p.m.,gps,1.2971773796951507,103.77265353854463,6.0,38.48657777485976,34.068962,0.0
2017-03-21-6-54-43p.m.,1490093683164,1490093683000,2017-03-21-6-54-43p.m.,gps,1.2971773796951507,103.77265353854463,6.0,38.33709832898402,34.068962,0.0
2017-03-21-6-54-53p.m.,1490093693184,1490093693000,2017-03-21-6-54-53p.m.,gps,1.2972631656494433,103.77271355497952,6.0,37.6592127151662,46.556828,2.6300125
2017-03-21-6-55-03p.m.,1490093703185,1490093703000,2017-03-21-6-55-03p.m.,gps,1.2977360688012982,103.77295081448032,12.0,35.31429474538125,22.169882,6.7123885
2017-03-21-6-55-13p.m.,1490093713167,1490093713000,2017-03-21-6-55-13p.m.,gps,1.2982634820512842,103.77369194897452,4.0,37.664487153623554,54.123833,9.07541
2017-03-21-6-55-23p.m.,1490093723177,1490093723000,2017-03-21-6-55-23p.m.,gps,1.2987129376365356,103.77404972903757,4.0,39.68793915555244,28.0115,4.713049
2017-03-21-6-55-33p.m.,1490093733169,1490093733000,2017-03-21-6-55-33p.m.,gps,1.2988062465783419,103.77409918181225,4.0,39.69671694137106,30.690006,0.0
2017-03-21-6-55-43p.m.,1490093743173,1490093743000,2017-03-21-6-55-43p.m.,gps,1.2989684920021987,103.77419953311185,6.0,38.574613290671024,38.946438,5.5202537
2017-03-21-6-55-53p.m.,1490093753168,1490093753000,2017-03-21-6-55-53p.m.,gps,1.2993806691665304,103.7744217182075,3.0,37.04421514397629,19.00775,4.333115
2017-03-21-6-56-03p.m.,1490093763169,1490093763000,2017-03-21-6-56-03p.m.,gps,1.2998071809497926,103.77448077564362,3.0,35.35732349692324,357.32968,2.9029825
2017-03-21-6-56-09p.m.,1490093769676,1490093766392,2017-03-21-6-56-06p.m.,network,1.300428,103.7776173,699.999,-1.0,-1.0,-1.0
2017-03-21-6-56-23p.m.,1490093783168,1490093783000,2017-03-21-6-56-23p.m.,gps,1.3008152613762038,103.77369451717675,4.0,31.971577447839795,301.07382,7.94561
2017-03-21-6-56-33p.m.,1490093793169,1490093793000,2017-03-21-6-56-33p.m.,gps,1.3010621479357865,103.7731208044525,3.0,29.882762810584097,347.35135,3.8748083
2017-03-21-6-56-43p.m.,1490093803191,1490093803000,2017-03-21-6-56-43p.m.,gps,1.3011161249343797,103.77345130748348,3.0,26.47570007395664,102.631454,4.2462597
2017-03-21-6-56-53p.m.,1490093813165,1490093813000,2017-03-21-6-56-53p.m.,gps,1.3011076154574837,103.7734884265151,2.0,26.491252780291777,106.20398,0.0
2017-03-21-6-57-03p.m.,1490093823163,1490093823000,2017-03-21-6-57-03p.m.,gps,1.3010931355630446,103.773532244715,3.0,26.753021427526974,116.285484,1.6645606
2017-03-21-6-57-13p.m.,1490093833178,1490093833000,2017-03-21-6-57-13p.m.,gps,1.3008336266872325,103.77408429934323,3.0,29.586966867368698,112.407425,7.379535
2017-03-21-6-57-23p.m.,1490093843168,1490093843000,2017-03-21-6-57-23p.m.,gps,1.3003958814670262,103.77445845462414,3.0,30.55406699073096,152.64107,7.202065
2017-03-21-6-57-33p.m.,1490093853176,1490093853000,2017-03-21-6-57-33p.m.,gps,1.3000842094866665,103.77457024670589,4.0,31.321136319888666,172.67914,2.0748658
2017-03-21-6-57-43p.m.,1490093863162,1490093863000,2017-03-21-6-57-43p.m.,gps,1.2995370296384834,103.77468561331632,4.0,34.59144175186824,166.86967,6.7157187
2017-03-21-6-57-53p.m.,1490093873174,1490093873000,2017-03-21-6-57-53p.m.,gps,1.2989983883523644,103.77511162386979,4.0,37.73270511701749,125.401634,7.186824
2017-03-21-6-58-03p.m.,1490093883160,1490093883000,2017-03-21-6-58-03p.m.,gps,1.2988403425866502,103.7756650193217,4.0,36.47469165082094,90.83738,5.588151
2017-03-21-6-58-13p.m.,1490093893167,1490093893000,2017-03-21-6-58-13p.m.,gps,1.2989016246929368,103.77602259050114,4.0,34.50926175102012,86.78425,0.0
2017-03-21-6-58-23p.m.,1490093903184,1490093903000,2017-03-21-6-58-23p.m.,gps,1.2989016246929368,103.77602259050114,4.0,34.41763001252749,86.78425,0.0
2017-03-21-6-58-33p.m.,1490093913177,1490093913000,2017-03-21-6-58-33p.m.,gps,1.298906175622001,103.77611397821592,4.0,33.739861645600975,109.08033,2.6667001
2017-03-21-6-58-43p.m.,1490093923161,1490093923000,2017-03-21-6-58-43p.m.,gps,1.2986092785422398,103.7766503071572,3.0,26.028812001078684,135.00262,6.3890476
2017-03-21-6-58-53p.m.,1490093933182,1490093933000,2017-03-21-6-58-53p.m.,gps,1.2979027967733539,103.77727262803043,4.0,24.77432253061842,127.662834,10.101845
2017-03-21-6-59-03p.m.,1490093943166,1490093943000,2017-03-21-6-59-03p.m.,gps,1.2975375390658452,103.77791268116697,4.0,26.073975285006668,107.16291,4.958145
2017-03-21-6-59-08p.m.,1490093948204,1490093944089,2017-03-21-6-59-04p.m.,network,1.2973893,103.7781153,34.518,-1.0,-1.0,-1.0
2017-03-21-6-59-23p.m.,1490093963158,1490093963000,2017-03-21-6-59-23p.m.,gps,1.2975183704411781,103.77796201052925,6.0,26.157801515377965,107.82491,0.0
2017-03-21-6-59-33p.m.,1490093973160,1490093973000,2017-03-21-6-59-33p.m.,gps,1.2974909397547836,103.7780392343578,6.0,26.831222888353075,121.32969,2.8151832
2017-03-21-6-59-43p.m.,1490093983185,1490093983000,2017-03-21-6-59-43p.m.,gps,1.297264564633628,103.77860442477157,4.0,36.34287714284565,106.74097,7.144561
2017-03-21-6-59-53p.m.,1490093993167,1490093993000,2017-03-21-6-59-53p.m.,gps,1.2971441305138807,103.77944332974839,6.0,37.258386422616134,80.60388,9.739076
2017-03-21-7-00-03p.m.,1490094003170,1490094003000,2017-03-21-7-00-03p.m.,gps,1.2973764926477553,103.78009861868765,6.0,34.207711581116364,74.723236,3.6362095
2017-03-21-7-00-13p.m.,1490094013182,1490094013000,2017-03-21-7-00-13p.m.,gps,1.297400563263119,103.78020729688492,4.0,34.21685962992282,77.2858,0.0
2017-03-21-7-00-23p.m.,1490094023168,1490094023000,2017-03-21-7-00-23p.m.,gps,1.2974046785233937,103.78025222673544,4.0,34.373688191153434,81.87302,1.4288315
2017-03-21-7-00-28p.m.,1490094028201,1490094024045,2017-03-21-7-00-24p.m.,network,1.2978177,103.7800167,50.0,-1.0,-1.0,-1.0
2017-03-21-7-00-43p.m.,1490094043169,1490094043000,2017-03-21-7-00-43p.m.,gps,1.2974431067815797,103.78060575129405,8.0,35.38842861048136,78.29923,0.0
2017-03-21-7-00-53p.m.,1490094053163,1490094053000,2017-03-21-7-00-53p.m.,gps,1.29743994342319,103.78068340054052,8.0,35.11540070212553,87.71878,2.396204
2017-03-21-7-01-03p.m.,1490094063186,1490094063000,2017-03-21-7-01-03p.m.,gps,1.2974589060330608,103.7811960980434,6.0,31.753771495300427,94.21755,5.237089
2017-03-21-7-01-08p.m.,1490094068552,1490094064171,2017-03-21-7-01-04p.m.,network,1.2973712,103.7813748,50.0,-1.0,-1.0,-1.0
2017-03-21-7-01-29p.m.,1490094089032,1490094084153,2017-03-21-7-01-24p.m.,network,1.2966372,103.7815583,135.6,-1.0,-1.0,-1.0
2017-03-21-7-02-23p.m.,1490094143981,1490094143830,2017-03-21-7-02-23p.m.,gps,1.2943747549459155,103.78403554738013,192.0,327.3837669206747,126.389,1.5214658
2017-03-21-7-02-33p.m.,1490094153998,1490094153867,2017-03-21-7-02-33p.m.,gps,1.2946399935361406,103.78466474243925,12.0,151.14715399082175,-1.0,0.13781986
2017-03-21-7-02-40p.m.,1490094160033,1490094154260,2017-03-21-7-02-34p.m.,network,1.2965945,103.7865855,98.4,-1.0,-1.0,-1.0
2017-03-21-7-02-54p.m.,1490094174181,1490094173999,2017-03-21-7-02-53p.m.,gps,1.2949633132192673,103.7845709158331,8.0,88.82895196339105,-1.0,0.0
2017-03-21-7-03-04p.m.,1490094184175,1490094183999,2017-03-21-7-03-03p.m.,gps,1.2948114670864352,103.78472963292361,4.0,72.36325285880238,145.30725,0.05628911
2017-03-21-7-03-10p.m.,1490094190631,1490094179110,2017-03-21-7-02-59p.m.,network,1.2942329,103.7866714,600.0,-1.0,-1.0,-1.0
2017-03-21-7-03-24p.m.,1490094204542,1490094199124,2017-03-21-7-03-19p.m.,network,1.2945235,103.7870336,800.0,-1.0,-1.0,-1.0
2017-03-21-7-03-44p.m.,1490094224199,1490094221130,2017-03-21-7-03-41p.m.,network,1.2948241,103.7855849,500.0,-1.0,-1.0,-1.0
2017-03-21-7-04-01p.m.,1490094241033,1490094240571,2017-03-21-7-04-00p.m.,network,1.2943588,103.7842187,77.6,-1.0,-1.0,-1.0
2017-03-21-7-04-13p.m.,1490094253137,1490094252999,2017-03-21-7-04-12p.m.,gps,1.2941287378139403,103.78463605492784,32.0,65.36462797788938,138.47704,0.9134774
2017-03-21-7-04-19p.m.,1490094259471,1490094251800,2017-03-21-7-04-11p.m.,network,1.2944271,103.7846343,27.089,-1.0,-1.0,-1.0
2017-03-21-7-04-33p.m.,1490094273178,1490094272999,2017-03-21-7-04-32p.m.,gps,1.2942554771914434,103.78450668517497,16.0,63.175473922847324,299.91333,1.1721734
2017-03-21-7-04-40p.m.,1490094280127,1490094271797,2017-03-21-7-04-31p.m.,network,1.2945376,103.7844984,25.71,-1.0,-1.0,-1.0
2017-03-21-7-04-59p.m.,1490094299419,1490094291780,2017-03-21-7-04-51p.m.,network,1.2938419,103.7846343,24.453,-1.0,-1.0,-1.0
2017-03-21-7-05-20p.m.,1490094320465,1490094311789,2017-03-21-7-05-11p.m.,network,1.2939151,103.7846343,22.036,-1.0,-1.0,-1.0
2017-03-21-7-05-41p.m.,1490094341752,1490094331818,2017-03-21-7-05-31p.m.,network,1.2936966,103.7844532,50.0,-1.0,-1.0,-1.0
2017-03-21-7-06-01p.m.,1490094361525,1490094351819,2017-03-21-7-05-51p.m.,network,1.293905,103.7846481,34.4,-1.0,-1.0,-1.0
2017-03-21-7-06-21p.m.,1490094381754,1490094371821,2017-03-21-7-06-11p.m.,network,1.293905,103.7846481,56.1,-1.0,-1.0,-1.0
2017-03-21-7-06-41p.m.,1490094401606,1490094391864,2017-03-21-7-06-31p.m.,network,1.3178924,103.8918995,39.6,-1.0,-1.0,-1.0
2017-03-21-7-07-01p.m.,1490094421638,1490094411849,2017-03-21-7-06-51p.m.,network,1.293905,103.7846481,52.4,-1.0,-1.0,-1.0
2017-03-21-7-07-21p.m.,1490094441689,1490094431882,2017-03-21-7-07-11p.m.,network,1.3178924,103.8918995,64.1,-1.0,-1.0,-1.0
2017-03-21-7-07-41p.m.,1490094461646,1490094451881,2017-03-21-7-07-31p.m.,network,1.3178924,103.8918995,28.1,-1.0,-1.0,-1.0
2017-03-21-7-08-01p.m.,1490094481831,1490094471906,2017-03-21-7-07-51p.m.,network,1.3178924,103.8918995,48.9,-1.0,-1.0,-1.0
2017-03-21-7-08-21p.m.,1490094501956,1490094501924,2017-03-21-7-08-21p.m.,network,1.3178924,103.8918995,28.1,-1.0,-1.0,-1.0
2017-03-21-7-08-42p.m.,1490094522019,1490094521633,2017-03-21-7-08-41p.m.,network,1.3009548,103.7881202,1299.999,-1.0,-1.0,-1.0
2017-03-21-7-09-02p.m.,1490094542031,1490094541963,2017-03-21-7-09-01p.m.,network,1.3009569,103.787758,1200.0,-1.0,-1.0,-1.0
2017-03-21-7-09-22p.m.,1490094562074,1490094561975,2017-03-21-7-09-21p.m.,network,1.3009569,103.787758,1200.0,-1.0,-1.0,-1.0
2017-03-21-7-09-42p.m.,1490094582108,1490094582011,2017-03-21-7-09-42p.m.,network,1.3053446,103.7881202,1299.999,-1.0,-1.0,-1.0
2017-03-21-7-10-02p.m.,1490094602164,1490094602015,2017-03-21-7-10-02p.m.,network,1.3053446,103.7881202,1299.999,-1.0,-1.0,-1.0
2017-03-21-7-10-22p.m.,1490094622409,1490094622010,2017-03-21-7-10-22p.m.,network,1.3065355,103.7905591,52.4,-1.0,-1.0,-1.0
2017-03-21-7-10-42p.m.,1490094642629,1490094642042,2017-03-21-7-10-42p.m.,network,1.3065355,103.7905591,39.6,-1.0,-1.0,-1.0
2017-03-21-7-11-03p.m.,1490094663351,1490094662024,2017-03-21-7-11-02p.m.,network,1.3065355,103.7905591,48.9,-1.0,-1.0,-1.0
2017-03-21-7-11-23p.m.,1490094683352,1490094682057,2017-03-21-7-11-22p.m.,network,1.3065355,103.7905591,42.5,-1.0,-1.0,-1.0
2017-03-21-7-11-43p.m.,1490094703324,1490094703183,2017-03-21-7-11-43p.m.,network,1.3053446,103.7881202,1299.999,-1.0,-1.0,-1.0
2017-03-21-7-12-03p.m.,1490094723386,1490094723198,2017-03-21-7-12-03p.m.,network,1.3053446,103.7881202,1299.999,-1.0,-1.0,-1.0
2017-03-21-7-12-23p.m.,1490094743409,1490094743240,2017-03-21-7-12-23p.m.,network,1.3070904,103.7899311,1200.0,-1.0,-1.0,-1.0
2017-03-21-7-12-43p.m.,1490094763562,1490094762102,2017-03-21-7-12-42p.m.,network,1.3120182,103.7961105,77.6,-1.0,-1.0,-1.0
2017-03-21-7-13-03p.m.,1490094783405,1490094782114,2017-03-21-7-13-02p.m.,network,1.3120182,103.7961105,82.5,-1.0,-1.0,-1.0
2017-03-21-7-13-24p.m.,1490094804546,1490094804335,2017-03-21-7-13-24p.m.,network,1.3070904,103.7899311,1200.0,-1.0,-1.0,-1.0
2017-03-21-7-13-44p.m.,1490094824458,1490094824334,2017-03-21-7-13-44p.m.,network,1.3070904,103.7899311,1200.0,-1.0,-1.0,-1.0
2017-03-21-7-14-04p.m.,1490094844516,1490094844346,2017-03-21-7-14-04p.m.,network,1.3157879,103.8047815,2799.999,-1.0,-1.0,-1.0
2017-03-21-7-14-24p.m.,1490094864542,1490094864373,2017-03-21-7-14-24p.m.,network,1.3056352,103.7884823,899.999,-1.0,-1.0,-1.0
2017-03-21-7-14-44p.m.,1490094884674,1490094884556,2017-03-21-7-14-44p.m.,network,1.3056352,103.7884823,899.999,-1.0,-1.0,-1.0
2017-03-21-7-15-04p.m.,1490094904724,1490094904557,2017-03-21-7-15-04p.m.,network,1.3056352,103.7884823,899.999,-1.0,-1.0,-1.0
2017-03-21-7-15-25p.m.,1490094925933,1490094922188,2017-03-21-7-15-22p.m.,network,1.3174522,103.807459,77.6,-1.0,-1.0,-1.0
2017-03-21-7-15-45p.m.,1490094945868,1490094942195,2017-03-21-7-15-42p.m.,network,1.3174522,103.807459,68.4,-1.0,-1.0,-1.0
2017-03-21-7-16-05p.m.,1490094965824,1490094965715,2017-03-21-7-16-05p.m.,network,1.3056352,103.7884823,899.999,-1.0,-1.0,-1.0
2017-03-21-7-16-25p.m.,1490094985816,1490094985722,2017-03-21-7-16-25p.m.,network,1.3056352,103.7884823,899.999,-1.0,-1.0,-1.0
2017-03-21-7-17-06p.m.,1490095026474,1490095026326,2017-03-21-7-17-06p.m.,network,1.3126048,103.7982616,1600.0,-1.0,-1.0,-1.0
2017-03-21-7-17-27p.m.,1490095047769,1490095047366,2017-03-21-7-17-27p.m.,network,1.3346757,103.8297774,2299.999,-1.0,-1.0,-1.0
2017-03-21-7-17-47p.m.,1490095067807,1490095062297,2017-03-21-7-17-42p.m.,network,1.3178924,103.8918995,116.1,-1.0,-1.0,-1.0
2017-03-21-7-18-07p.m.,1490095087540,1490095082326,2017-03-21-7-18-02p.m.,network,1.3178924,103.8918995,104.1,-1.0,-1.0,-1.0
2017-03-21-7-18-27p.m.,1490095107564,1490095107451,2017-03-21-7-18-27p.m.,network,1.3126048,103.7982616,1600.0,-1.0,-1.0,-1.0
2017-03-21-7-18-48p.m.,1490095128041,1490095127849,2017-03-21-7-18-47p.m.,network,1.3126048,103.7982616,1600.0,-1.0,-1.0,-1.0
2017-03-21-7-19-08p.m.,1490095148012,1490095147854,2017-03-21-7-19-07p.m.,network,1.3126048,103.7982616,1600.0,-1.0,-1.0,-1.0
2017-03-21-7-19-29p.m.,1490095169004,1490095168905,2017-03-21-7-19-28p.m.,network,1.3126048,103.7982616,1600.0,-1.0,-1.0,-1.0
2017-03-21-7-19-49p.m.,1490095189109,1490095182373,2017-03-21-7-19-42p.m.,network,1.3178924,103.8918995,116.1,-1.0,-1.0,-1.0
2017-03-21-7-20-09p.m.,1490095209188,1490095208944,2017-03-21-7-20-08p.m.,network,1.3126048,103.7982616,1600.0,-1.0,-1.0,-1.0
2017-03-21-7-20-49p.m.,1490095249275,1490095249120,2017-03-21-7-20-49p.m.,network,1.3500973,103.8471685,1399.999,-1.0,-1.0,-1.0
2017-03-21-7-21-09p.m.,1490095269246,1490095269129,2017-03-21-7-21-09p.m.,network,1.3500973,103.8471685,1399.999,-1.0,-1.0,-1.0
2017-03-21-7-21-29p.m.,1490095289341,1490095289181,2017-03-21-7-21-29p.m.,network,1.3500973,103.8471685,1399.999,-1.0,-1.0,-1.0
2017-03-21-7-21-49p.m.,1490095309434,1490095309241,2017-03-21-7-21-49p.m.,network,1.3500973,103.8471685,1399.999,-1.0,-1.0,-1.0
2017-03-21-7-22-13p.m.,1490095333682,1490095332467,2017-03-21-7-22-12p.m.,network,1.3375535,103.8396216,87.6,-1.0,-1.0,-1.0
2017-03-21-7-22-33p.m.,1490095353540,1490095352456,2017-03-21-7-22-32p.m.,network,1.3375535,103.8396216,92.9,-1.0,-1.0,-1.0
2017-03-21-7-22-53p.m.,1490095373543,1490095373415,2017-03-21-7-22-53p.m.,network,1.3500973,103.8471685,1399.999,-1.0,-1.0,-1.0
2017-03-21-7-23-13p.m.,1490095393536,1490095393424,2017-03-21-7-23-13p.m.,network,1.3500973,103.8471685,1399.999,-1.0,-1.0,-1.0
2017-03-21-7-23-53p.m.,1490095433618,1490095433446,2017-03-21-7-23-53p.m.,network,1.3536293,103.8442699,1100.0,-1.0,-1.0,-1.0
2017-03-21-7-24-14p.m.,1490095454029,1490095452511,2017-03-21-7-24-12p.m.,network,1.3487384,103.8393668,122.4,-1.0,-1.0,-1.0
2017-03-21-7-24-33p.m.,1490095473597,1490095473476,2017-03-21-7-24-33p.m.,network,1.3536293,103.8442699,1100.0,-1.0,-1.0,-1.0
2017-03-21-7-24-53p.m.,1490095493579,1490095493479,2017-03-21-7-24-53p.m.,network,1.3536293,103.8442699,1100.0,-1.0,-1.0,-1.0
2017-03-21-7-25-13p.m.,1490095513578,1490095513489,2017-03-21-7-25-13p.m.,network,1.3536293,103.8442699,1100.0,-1.0,-1.0,-1.0
2017-03-21-7-25-33p.m.,1490095533578,1490095533499,2017-03-21-7-25-33p.m.,network,1.3536293,103.8442699,1100.0,-1.0,-1.0,-1.0
2017-03-21-7-25-54p.m.,1490095554793,1490095554633,2017-03-21-7-25-54p.m.,network,1.3536293,103.8442699,1100.0,-1.0,-1.0,-1.0
2017-03-21-7-26-14p.m.,1490095574738,1490095574646,2017-03-21-7-26-14p.m.,network,1.3536293,103.8442699,1100.0,-1.0,-1.0,-1.0
2017-03-21-7-26-35p.m.,1490095595702,1490095595086,2017-03-21-7-26-35p.m.,network,1.3512437,103.8515167,1100.0,-1.0,-1.0,-1.0
2017-03-21-7-26-55p.m.,1490095615358,1490095615082,2017-03-21-7-26-55p.m.,network,1.3512437,103.8515167,1100.0,-1.0,-1.0,-1.0
2017-03-21-7-27-15p.m.,1490095635370,1490095632870,2017-03-21-7-27-12p.m.,network,1.3178924,103.8918995,98.4,-1.0,-1.0,-1.0
2017-03-21-7-27-35p.m.,1490095655363,1490095655181,2017-03-21-7-27-35p.m.,network,1.3568094,103.8515167,1299.999,-1.0,-1.0,-1.0
2017-03-21-7-27-55p.m.,1490095675364,1490095675198,2017-03-21-7-27-55p.m.,network,1.3568094,103.8515167,1299.999,-1.0,-1.0,-1.0
2017-03-21-7-28-15p.m.,1490095695463,1490095695206,2017-03-21-7-28-15p.m.,network,1.3512437,103.8515167,1100.0,-1.0,-1.0,-1.0
2017-03-21-7-28-35p.m.,1490095715346,1490095715225,2017-03-21-7-28-35p.m.,network,1.3568094,103.8515167,1299.999,-1.0,-1.0,-1.0
2017-03-21-7-28-55p.m.,1490095735453,1490095735278,2017-03-21-7-28-55p.m.,network,1.3568094,103.8515167,1299.999,-1.0,-1.0,-1.0
2017-03-21-7-29-15p.m.,1490095755407,1490095755296,2017-03-21-7-29-15p.m.,network,1.3568094,103.8515167,1299.999,-1.0,-1.0,-1.0
2017-03-21-7-29-39p.m.,1490095779901,1490095775337,2017-03-21-7-29-35p.m.,network,1.3512437,103.8515167,1100.0,-1.0,-1.0,-1.0
2017-03-21-7-29-55p.m.,1490095795603,1490095795379,2017-03-21-7-29-55p.m.,network,1.3620999,103.8486179,1299.999,-1.0,-1.0,-1.0
2017-03-21-7-30-15p.m.,1490095815504,1490095815404,2017-03-21-7-30-15p.m.,network,1.3556503,103.8493426,899.999,-1.0,-1.0,-1.0
2017-03-21-7-30-35p.m.,1490095835551,1490095835411,2017-03-21-7-30-35p.m.,network,1.3556503,103.8493426,899.999,-1.0,-1.0,-1.0
2017-03-21-7-30-56p.m.,1490095856692,1490095856512,2017-03-21-7-30-56p.m.,network,1.3556503,103.8493426,899.999,-1.0,-1.0,-1.0
2017-03-21-7-31-36p.m.,1490095896984,1490095896608,2017-03-21-7-31-36p.m.,network,1.3547736,103.8489802,899.999,-1.0,-1.0,-1.0
2017-03-21-7-31-56p.m.,1490095916743,1490095916597,2017-03-21-7-31-56p.m.,network,1.3541877,103.8489802,699.999,-1.0,-1.0,-1.0
2017-03-21-7-32-14p.m.,1490095934335,1490095934213,2017-03-21-7-32-14p.m.,gps,1.3539788092390408,103.84918154501274,96.0,32.110699535069735,14.057227,17.377113
2017-03-21-7-32-25p.m.,1490095945105,1490095944999,2017-03-21-7-32-24p.m.,gps,1.3554746911988989,103.84972980636722,16.0,59.32799812181561,27.933985,18.454258
2017-03-21-7-32-35p.m.,1490095955107,1490095954999,2017-03-21-7-32-34p.m.,gps,1.356940171177214,103.85063338280779,16.0,56.717284679151774,33.37541,19.678719
2017-03-21-7-32-45p.m.,1490095965128,1490095964999,2017-03-21-7-32-44p.m.,gps,1.3584104306953098,103.85154697620408,16.0,52.055413841131646,31.269299,19.425201
2017-03-21-7-32-55p.m.,1490095975133,1490095974999,2017-03-21-7-32-54p.m.,gps,1.3599126199722038,103.85247582132783,12.0,50.63231491613349,30.686934,18.986431
2017-03-21-7-33-05p.m.,1490095985148,1490095984999,2017-03-21-7-33-04p.m.,gps,1.3614559946986973,103.85324105066863,12.0,47.216597237889815,18.004826,17.660126
2017-03-21-7-33-15p.m.,1490095995118,1490095994999,2017-03-21-7-33-14p.m.,gps,1.363101398200375,103.8533066220504,12.0,47.30380271130703,350.4167,18.004974
2017-03-21-7-33-25p.m.,1490096005152,1490096004999,2017-03-21-7-33-24p.m.,gps,1.3646430587143559,103.85274571280873,16.0,42.76198805643118,331.63818,17.761992
2017-03-21-7-33-35p.m.,1490096015129,1490096014999,2017-03-21-7-33-34p.m.,gps,1.36606697967338,103.85190419235452,8.0,35.39209556875369,329.69836,17.157665
2017-03-21-7-33-45p.m.,1490096025133,1490096024999,2017-03-21-7-33-44p.m.,gps,1.3673862989720302,103.85110094702833,12.0,37.43722372312264,329.75903,16.551998
2017-03-21-7-33-55p.m.,1490096035158,1490096034999,2017-03-21-7-33-54p.m.,gps,1.3686478827204362,103.85035694990583,12.0,38.22375787476554,330.15692,16.066309
2017-03-21-7-34-17p.m.,1490096057158,1490096053170,2017-03-21-7-34-13p.m.,network,1.3698844,103.8494907,82.5,-1.0,-1.0,-1.0
