2017-03-21-10-12-54am,1490062374963,1490062373672,2017-03-21-10-12-53am,network,1.2939062,103.7757568,56.1,-1.0,-1.0,-1.0
2017-03-21-10-13-10am,1490062390094,1490062387895,2017-03-21-10-13-07am,network,1.293603,103.7749465,33.372,-1.0,-1.0,-1.0
2017-03-21-10-13-23am,1490062403904,1490062671245,2017-03-21-10-17-51am,gps,1.29357927,103.77520324,25.0,48.0,241.0,0.53
2017-03-21-10-13-29am,1490062409743,1490062402022,2017-03-21-10-13-22am,network,1.2936035,103.774856,23.376,-1.0,-1.0,-1.0
2017-03-21-10-13-34am,1490062414932,1490062682239,2017-03-21-10-18-02am,gps,1.29358714,103.77535897,14.0,31.0,-1.0,0.0
2017-03-21-10-13-49am,1490062429745,1490062416206,2017-03-21-10-13-36am,network,1.2935298,103.7749465,43.596,-1.0,-1.0,-1.0
2017-03-21-10-14-03am,1490062443939,1490062711248,2017-03-21-10-18-31am,gps,1.29375579,103.77551402,36.0,48.0,-1.0,0.0
2017-03-21-10-14-09am,1490062449833,1490062444571,2017-03-21-10-14-04am,network,1.2936403,103.7748107,23.175,-1.0,-1.0,-1.0
2017-03-21-10-14-23am,1490062463951,1490062731236,2017-03-21-10-18-51am,gps,1.29359029,103.77521046,52.0,52.0,-1.0,0.0
2017-03-21-10-14-29am,1490062469794,1490062458758,2017-03-21-10-14-18am,network,1.2935308,103.7747655,22.113,-1.0,-1.0,-1.0
2017-03-21-10-14-42am,1490062482889,1490062750241,2017-03-21-10-19-10am,gps,1.29353444,103.77523957,22.0,33.0,348.0,0.96
2017-03-21-10-14-49am,1490062489834,1490062487089,2017-03-21-10-14-47am,network,1.2936403,103.7748107,23.177,-1.0,-1.0,-1.0
2017-03-21-10-15-02am,1490062502920,1490062770250,2017-03-21-10-19-30am,gps,1.29362991,103.77535468,28.0,31.0,11.5,1.44
2017-03-21-10-15-09am,1490062509939,1490062501275,2017-03-21-10-15-01am,network,1.2935308,103.7747655,22.11,-1.0,-1.0,-1.0
2017-03-21-10-15-22am,1490062522926,1490062790238,2017-03-21-10-19-50am,gps,1.29332795,103.77510043,27.0,17.0,196.1,0.76
2017-03-21-10-15-29am,1490062529849,1490062515460,2017-03-21-10-15-15am,network,1.2935308,103.7747655,22.118,-1.0,-1.0,-1.0
2017-03-21-10-15-42am,1490062542904,1490062810245,2017-03-21-10-20-10am,gps,1.29336193,103.77517134,35.0,20.0,244.6,1.15
2017-03-21-10-15-49am,1490062549888,1490062543878,2017-03-21-10-15-43am,network,1.2935288,103.7751276,23.799,-1.0,-1.0,-1.0
2017-03-21-10-16-02am,1490062562916,1490062830252,2017-03-21-10-20-30am,gps,1.294244,103.77558626,42.0,105.0,-1.0,-1.0
2017-03-21-10-16-09am,1490062569968,1490062558079,2017-03-21-10-15-58am,network,1.2935308,103.7747655,22.113,-1.0,-1.0,-1.0
2017-03-21-10-16-29am,1490062589927,1490062586480,2017-03-21-10-16-26am,network,1.2935303,103.774856,22.794,-1.0,-1.0,-1.0
2017-03-21-10-16-42am,1490062602911,1490062870248,2017-03-21-10-21-10am,gps,1.29365966,103.77530328,29.0,56.0,194.3,0.43
2017-03-21-10-16-49am,1490062609976,1490062600676,2017-03-21-10-16-40am,network,1.2935303,103.774856,23.382,-1.0,-1.0,-1.0
2017-03-21-10-17-02am,1490062622947,1490062890256,2017-03-21-10-21-30am,gps,1.29354436,103.77525688,47.0,24.0,138.3,0.84
2017-03-21-10-17-10am,1490062630075,1490062629077,2017-03-21-10-17-09am,network,1.2935298,103.7749465,23.535,-1.0,-1.0,-1.0
2017-03-21-10-17-22am,1490062642913,1490062910262,2017-03-21-10-21-50am,gps,1.29352514,103.77521387,35.0,52.0,206.0,0.31
2017-03-21-10-17-30am,1490062650003,1490062643265,2017-03-21-10-17-23am,network,1.2935288,103.7751276,24.289,-1.0,-1.0,-1.0
2017-03-21-10-17-42am,1490062662918,1490062930270,2017-03-21-10-22-10am,gps,1.29361577,103.77530897,47.0,38.0,234.1,2.3
2017-03-21-10-17-50am,1490062670029,1490062657451,2017-03-21-10-17-37am,network,1.2935298,103.7749465,24.357,-1.0,-1.0,-1.0
2017-03-21-10-18-02am,1490062682959,1490062950255,2017-03-21-10-22-30am,gps,1.29345785,103.77528463,19.0,25.0,35.2,0.52
2017-03-21-10-18-10am,1490062690062,1490062685896,2017-03-21-10-18-05am,network,1.2936403,103.7748107,21.955,-1.0,-1.0,-1.0
2017-03-21-10-18-30am,1490062710088,1490062700123,2017-03-21-10-18-20am,network,1.2935298,103.7749465,22.762,-1.0,-1.0,-1.0
2017-03-21-10-18-41am,1490062721915,1490062989268,2017-03-21-10-23-09am,gps,1.293516,103.77515885,15.0,40.0,267.3,4.26
2017-03-21-10-18-50am,1490062730113,1490062728547,2017-03-21-10-18-48am,network,1.2935303,103.774856,23.117,-1.0,-1.0,-1.0
2017-03-21-10-19-02am,1490062742931,1490063010276,2017-03-21-10-23-30am,gps,1.293477,103.77527463,44.0,23.0,210.6,2.28
2017-03-21-10-19-10am,1490062750153,1490062742783,2017-03-21-10-19-02am,network,1.2935303,103.774856,24.759,-1.0,-1.0,-1.0
2017-03-21-10-19-22am,1490062762924,1490063030280,2017-03-21-10-23-50am,gps,1.29345374,103.7752322,40.0,42.0,343.5,0.19
2017-03-21-10-19-30am,1490062770153,1490062756996,2017-03-21-10-19-16am,network,1.293603,103.7749465,24.55,-1.0,-1.0,-1.0
2017-03-21-10-19-50am,1490062790177,1490062785442,2017-03-21-10-19-45am,network,1.2935303,103.774856,23.382,-1.0,-1.0,-1.0
2017-03-21-10-20-01am,1490062801924,1490063069273,2017-03-21-10-24-29am,gps,1.29355981,103.77524025,16.0,34.0,203.6,4.86
2017-03-21-10-20-10am,1490062810208,1490062799649,2017-03-21-10-19-59am,network,1.2936403,103.7748107,21.955,-1.0,-1.0,-1.0
2017-03-21-10-20-30am,1490062830114,1490062828027,2017-03-21-10-20-28am,network,1.2934557,103.7751276,23.978,-1.0,-1.0,-1.0
2017-03-21-10-20-42am,1490062842946,1490063110287,2017-03-21-10-25-10am,gps,1.29347399,103.77528974,6.0,11.0,152.0,0.62
2017-03-21-10-20-50am,1490062850206,1490062842124,2017-03-21-10-20-42am,network,1.293493,103.7749918,24.109,-1.0,-1.0,-1.0
2017-03-21-10-21-02am,1490062862938,1490063130272,2017-03-21-10-25-30am,gps,1.29361433,103.77530893,30.0,51.0,347.5,0.61
2017-03-21-10-21-10am,1490062870292,1490062856338,2017-03-21-10-20-56am,network,1.2935303,103.774856,23.114,-1.0,-1.0,-1.0
2017-03-21-10-21-30am,1490062890292,1490062884715,2017-03-21-10-21-24am,network,1.2936403,103.7748107,23.184,-1.0,-1.0,-1.0
2017-03-21-10-21-43am,1490062903926,1490063171285,2017-03-21-10-26-11am,gps,1.2935145,103.77521042,12.0,31.0,-1.0,0.0
2017-03-21-10-21-50am,1490062910291,1490062898939,2017-03-21-10-21-38am,network,1.2936403,103.7748107,23.178,-1.0,-1.0,-1.0
2017-03-21-10-22-02am,1490062922945,1490063190295,2017-03-21-10-26-30am,gps,1.29322148,103.77506999,42.0,3.0,100.0,1.51
2017-03-21-10-22-10am,1490062930352,1490062927361,2017-03-21-10-22-07am,network,1.2935298,103.7749465,25.609,-1.0,-1.0,-1.0
2017-03-21-10-22-30am,1490062950353,1490062941572,2017-03-21-10-22-21am,network,1.2935303,103.774856,23.382,-1.0,-1.0,-1.0
2017-03-21-10-22-43am,1490062963995,1490063231287,2017-03-21-10-27-11am,gps,1.29353785,103.77526472,31.0,21.0,-1.0,0.0
2017-03-21-10-22-50am,1490062970370,1490062969988,2017-03-21-10-22-49am,network,1.2935298,103.7749465,25.957,-1.0,-1.0,-1.0
2017-03-21-10-23-02am,1490062982952,1490063250297,2017-03-21-10-27-30am,gps,1.29354898,103.77535923,32.0,22.0,195.2,0.52
2017-03-21-10-23-10am,1490062990421,1490062984171,2017-03-21-10-23-04am,network,1.2936403,103.7748107,23.177,-1.0,-1.0,-1.0
2017-03-21-10-23-22am,1490063002963,1490063270302,2017-03-21-10-27-50am,gps,1.29344445,103.77522766,21.0,24.0,273.5,0.24
2017-03-21-10-23-30am,1490063010421,1490062998361,2017-03-21-10-23-18am,network,1.293604,103.7747655,22.111,-1.0,-1.0,-1.0
2017-03-21-10-23-42am,1490063022983,1490063290309,2017-03-21-10-28-10am,gps,1.29339134,103.77530002,20.0,10.0,228.9,0.17
2017-03-21-10-23-50am,1490063030467,1490063026737,2017-03-21-10-23-46am,network,1.2935298,103.7749465,24.784,-1.0,-1.0,-1.0
2017-03-21-10-24-10am,1490063050499,1490063040937,2017-03-21-10-24-00am,network,1.2936035,103.774856,22.129,-1.0,-1.0,-1.0
2017-03-21-10-24-22am,1490063062948,1490063330303,2017-03-21-10-28-50am,gps,1.29359212,103.77528261,21.0,52.0,228.5,0.61
2017-03-21-10-24-30am,1490063070526,1490063069360,2017-03-21-10-24-29am,network,1.2936403,103.7748107,21.953,-1.0,-1.0,-1.0
2017-03-21-10-24-43am,1490063083000,1490063350309,2017-03-21-10-29-10am,gps,1.2932564,103.77523516,28.0,7.0,16.3,1.38
2017-03-21-10-24-50am,1490063090534,1490063083545,2017-03-21-10-24-43am,network,1.2935303,103.774856,22.435,-1.0,-1.0,-1.0
2017-03-21-10-25-02am,1490063102958,1490063370296,2017-03-21-10-29-30am,gps,1.29338265,103.77502838,20.0,29.0,75.1,0.52
2017-03-21-10-25-10am,1490063110624,1490063097768,2017-03-21-10-24-57am,network,1.293604,103.7747655,22.114,-1.0,-1.0,-1.0
2017-03-21-10-25-22am,1490063122950,1490063390306,2017-03-21-10-29-50am,gps,1.29342528,103.7751111,16.0,36.0,122.9,0.64
2017-03-21-10-25-30am,1490063130569,1490063126133,2017-03-21-10-25-26am,network,1.293603,103.7749465,23.247,-1.0,-1.0,-1.0
2017-03-21-10-25-42am,1490063142970,1490063410312,2017-03-21-10-30-10am,gps,1.2934134,103.77519757,20.0,32.0,322.4,0.28
2017-03-21-10-25-50am,1490063150583,1490063140325,2017-03-21-10-25-40am,network,1.2935298,103.7749465,26.415,-1.0,-1.0,-1.0
2017-03-21-10-26-02am,1490063162959,1490063430318,2017-03-21-10-30-30am,gps,1.29349058,103.77523478,29.0,31.0,2.6,0.5
2017-03-21-10-26-10am,1490063170758,1490063168742,2017-03-21-10-26-08am,network,1.293603,103.7749465,26.152,-1.0,-1.0,-1.0
2017-03-21-10-26-23am,1490063183004,1490063450305,2017-03-21-10-30-50am,gps,1.29343217,103.77503644,20.0,34.0,-1.0,0.0
2017-03-21-10-26-30am,1490063190762,1490063182938,2017-03-21-10-26-22am,network,1.2935298,103.7749465,24.343,-1.0,-1.0,-1.0
2017-03-21-10-26-41am,1490063201963,1490063469312,2017-03-21-10-31-09am,gps,1.29367244,103.77515647,15.0,34.0,75.2,3.33
2017-03-21-10-26-50am,1490063210785,1490063197141,2017-03-21-10-26-37am,network,1.2936403,103.7748107,21.953,-1.0,-1.0,-1.0
2017-03-21-10-27-02am,1490063222983,1490063490317,2017-03-21-10-31-30am,gps,1.29338677,103.77513702,24.0,46.0,107.4,0.53
2017-03-21-10-27-10am,1490063230840,1490063225530,2017-03-21-10-27-05am,network,1.2936403,103.7748107,21.955,-1.0,-1.0,-1.0
2017-03-21-10-27-22am,1490063242964,1490063510326,2017-03-21-10-31-50am,gps,1.29347003,103.7752457,31.0,54.0,286.6,3.17
2017-03-21-10-27-30am,1490063250818,1490063239758,2017-03-21-10-27-19am,network,1.2934193,103.7750823,25.27,-1.0,-1.0,-1.0
2017-03-21-10-27-44am,1490063264971,1490063532314,2017-03-21-10-32-12am,gps,1.2932141,103.77465282,23.0,-13.0,133.5,1.54
2017-03-21-10-27-52am,1490063272945,1490063272676,2017-03-21-10-27-52am,network,1.2933114,103.7747655,22.795,-1.0,-1.0,-1.0
2017-03-21-10-28-14am,1490063294971,1490063562334,2017-03-21-10-32-42am,gps,1.29326747,103.77505154,28.0,49.0,193.9,0.15
2017-03-21-10-28-24am,1490063304987,1490063572328,2017-03-21-10-32-52am,gps,1.29260196,103.77489604,14.0,57.0,216.3,9.3
2017-03-21-10-28-36am,1490063316612,1490063307601,2017-03-21-10-28-27am,network,1.2930188,103.7747655,22.546,-1.0,-1.0,-1.0
2017-03-21-10-28-43am,1490063323984,1490063591336,2017-03-21-10-33-11am,gps,1.2923617,103.77418322,38.0,72.0,315.4,8.88
2017-03-21-10-28-54am,1490063334023,1490063601333,2017-03-21-10-33-21am,gps,1.29239988,103.77383114,13.0,43.0,336.2,7.17
2017-03-21-10-29-05am,1490063345012,1490063612324,2017-03-21-10-33-32am,gps,1.29298615,103.77343491,25.0,-2.0,315.4,6.64
2017-03-21-10-29-16am,1490063356651,1490063347704,2017-03-21-10-29-07am,network,1.2929541,103.7732263,22.764,-1.0,-1.0,-1.0
2017-03-21-10-29-23am,1490063363006,1490063630331,2017-03-21-10-33-50am,gps,1.29320824,103.7724789,21.0,42.0,257.9,1.92
2017-03-21-10-29-32am,1490063372991,1490063640327,2017-03-21-10-34-00am,gps,1.29332336,103.77259067,13.0,50.0,281.0,2.55
2017-03-21-10-29-42am,1490063382979,1490063650337,2017-03-21-10-34-10am,gps,1.29343084,103.77232954,28.0,-3.0,320.4,0.8
2017-03-21-10-29-52am,1490063392996,1490063660335,2017-03-21-10-34-20am,gps,1.29344366,103.77205569,19.0,23.0,301.6,2.58
2017-03-21-10-30-02am,1490063402290,1490063396469,2017-03-21-10-29-56am,network,1.2919684,103.7729094,699.999,-1.0,-1.0,-1.0
2017-03-21-10-30-14am,1490063414016,1490063681341,2017-03-21-10-34-41am,gps,1.29408104,103.772692,23.0,34.0,48.1,1.6
2017-03-21-10-30-33am,1490063433982,1490063701354,2017-03-21-10-35-01am,gps,1.29497479,103.77318815,15.0,49.0,67.7,7.03
2017-03-21-10-30-42am,1490063442015,1490063438017,2017-03-21-10-30-38am,network,1.2950725,103.7737696,30.334,-1.0,-1.0,-1.0
2017-03-21-10-30-56am,1490063456717,1490063447981,2017-03-21-10-30-47am,network,1.2945957,103.7739959,30.434,-1.0,-1.0,-1.0
2017-03-21-10-31-02am,1490063462988,1490063730352,2017-03-21-10-35-30am,gps,1.29423084,103.77395395,19.0,99.0,203.0,0.63
2017-03-21-10-31-12am,1490063472991,1490063740352,2017-03-21-10-35-40am,gps,1.29440046,103.77365039,16.0,36.0,286.8,4.96
2017-03-21-10-31-33am,1490063493027,1490063760339,2017-03-21-10-36-00am,gps,1.29431432,103.77292094,17.0,55.0,196.4,5.95
2017-03-21-10-31-54am,1490063514029,1490063781344,2017-03-21-10-36-21am,gps,1.29382202,103.77205574,27.0,21.0,237.3,5.05
2017-03-21-10-32-12am,1490063532999,1490063800351,2017-03-21-10-36-40am,gps,1.29354911,103.77126191,7.0,62.0,287.1,9.78
2017-03-21-10-32-24am,1490063544028,1490063811344,2017-03-21-10-36-51am,gps,1.29449653,103.77072536,21.0,48.0,351.0,7.56
2017-03-21-10-32-37am,1490063557288,1490063548144,2017-03-21-10-32-28am,network,1.2946571,103.7695145,50.0,-1.0,-1.0,-1.0
2017-03-21-10-32-42am,1490063562990,1490063830361,2017-03-21-10-37-10am,gps,1.29540358,103.77073196,24.0,28.0,275.7,0.92
2017-03-21-10-32-52am,1490063572995,1490063840366,2017-03-21-10-37-20am,gps,1.29527154,103.77081124,10.0,26.0,296.4,1.88
2017-03-21-10-33-03am,1490063583006,1490063850363,2017-03-21-10-37-30am,gps,1.29543349,103.77053743,27.0,223.0,37.6,7.12
2017-03-21-10-33-12am,1490063592229,1490063576593,2017-03-21-10-32-56am,network,1.2957842,103.7707366,100.0,-1.0,-1.0,-1.0
2017-03-21-10-33-18am,1490063598493,1490063598246,2017-03-21-10-33-18am,network,1.2954356,103.7717124,72.9,-1.0,-1.0,-1.0
2017-03-21-10-33-24am,1490063604016,1490063871367,2017-03-21-10-37-51am,gps,1.29583776,103.7709646,14.0,57.0,-1.0,0.0
2017-03-21-10-33-37am,1490063617288,1490063608156,2017-03-21-10-33-28am,network,1.2952723,103.771271,87.6,-1.0,-1.0,-1.0
2017-03-21-10-33-44am,1490063624055,1490063891357,2017-03-21-10-38-11am,gps,1.29604452,103.77079506,31.0,70.0,243.9,0.18
2017-03-21-10-33-56am,1490063636824,1490063628213,2017-03-21-10-33-48am,network,1.2952723,103.771271,60.0,-1.0,-1.0,-1.0
2017-03-21-10-34-03am,1490063643013,1490063910366,2017-03-21-10-38-30am,gps,1.29595322,103.77117283,34.0,-9.0,298.0,0.49
2017-03-21-10-34-13am,1490063653069,1490063920362,2017-03-21-10-38-40am,gps,1.29600655,103.77109325,21.0,-1.0,20.9,4.41
2017-03-21-10-34-23am,1490063663049,1490063930373,2017-03-21-10-38-50am,gps,1.29635621,103.77134834,13.0,30.0,90.5,7.07
2017-03-21-10-34-36am,1490063676886,1490063676647,2017-03-21-10-34-36am,network,1.2960668,103.7725473,500.0,-1.0,-1.0,-1.0
2017-03-21-10-34-43am,1490063683047,1490063950383,2017-03-21-10-39-10am,gps,1.29682565,103.77244333,8.0,35.0,34.1,7.18
2017-03-21-10-34-53am,1490063693005,1490063960376,2017-03-21-10-39-20am,gps,1.297205,103.77278958,25.0,-34.0,352.2,0.23
2017-03-21-10-35-03am,1490063703031,1490063970367,2017-03-21-10-39-30am,gps,1.29681978,103.77297147,23.0,115.0,-1.0,0.0
2017-03-21-10-35-13am,1490063713010,1490063980381,2017-03-21-10-39-40am,gps,1.29740471,103.77279556,26.0,53.0,42.1,4.33
2017-03-21-10-35-18am,1490063718193,1490063708283,2017-03-21-10-35-08am,network,1.2972005,103.7725926,22.122,-1.0,-1.0,-1.0
2017-03-21-10-35-33am,1490063733061,1490064000372,2017-03-21-10-40-00am,gps,1.29843324,103.7739269,20.0,36.0,21.1,7.15
2017-03-21-10-35-53am,1490063753058,1490064020380,2017-03-21-10-40-20am,gps,1.29947515,103.77450392,10.0,39.0,16.5,7.0
2017-03-21-10-36-03am,1490063763092,1490064030372,2017-03-21-10-40-30am,gps,1.30015164,103.77444274,11.0,35.0,345.1,7.89
2017-03-21-10-36-13am,1490063773017,1490064040386,2017-03-21-10-40-40am,gps,1.30073741,103.77380195,14.0,33.0,300.3,10.18
2017-03-21-10-36-18am,1490063778819,1490063778373,2017-03-21-10-36-18am,network,1.3006339,103.7734979,23.387,-1.0,-1.0,-1.0
2017-03-21-10-36-32am,1490063792013,1490064059385,2017-03-21-10-40-59am,gps,1.30110151,103.77310589,27.0,15.0,95.7,4.34
2017-03-21-10-36-37am,1490063797869,1490063788459,2017-03-21-10-36-28am,network,1.3006354,103.7732263,25.934,-1.0,-1.0,-1.0
2017-03-21-10-36-44am,1490063804030,1490064071387,2017-03-21-10-41-11am,gps,1.30114804,103.77367904,44.0,4.0,228.4,0.98
2017-03-21-10-36-55am,1490063815039,1490064082381,2017-03-21-10-41-22am,gps,1.30106136,103.77355716,57.0,32.0,-1.0,0.0
2017-03-21-10-37-13am,1490063833044,1490064100391,2017-03-21-10-41-40am,gps,1.30090313,103.77430321,26.0,7.0,84.4,6.17
2017-03-21-10-37-32am,1490063852094,1490064119397,2017-03-21-10-41-59am,gps,1.30232011,103.77434748,22.0,24.0,330.8,12.42
2017-03-21-10-37-37am,1490063857363,1490063848420,2017-03-21-10-37-28am,network,1.3015805,103.773951,98.4,-1.0,-1.0,-1.0
2017-03-21-10-37-52am,1490063872043,1490064139393,2017-03-21-10-42-19am,gps,1.3034223,103.77424824,15.0,54.0,56.6,7.5
2017-03-21-10-38-04am,1490063884053,1490064151396,2017-03-21-10-42-31am,gps,1.30361574,103.77451355,30.0,37.0,112.2,0.19
2017-03-21-10-38-17am,1490063897663,1490063888496,2017-03-21-10-38-08am,network,1.3034836,103.7743259,20.1,-1.0,-1.0,-1.0
2017-03-21-10-38-23am,1490063903032,1490064170405,2017-03-21-10-42-50am,gps,1.30345933,103.7747542,33.0,83.0,-1.0,0.0
2017-03-21-10-38-33am,1490063913027,1490064180399,2017-03-21-10-43-00am,gps,1.30355539,103.77449202,32.0,70.0,150.8,2.4
2017-03-21-10-38-43am,1490063923045,1490064190393,2017-03-21-10-43-10am,gps,1.30354817,103.77456402,21.0,53.0,208.2,0.65
2017-03-21-10-38-54am,1490063934093,1490064201385,2017-03-21-10-43-21am,gps,1.30351072,103.77446596,20.0,76.0,-1.0,0.0
2017-03-21-10-39-13am,1490063953037,1490064220392,2017-03-21-10-43-40am,gps,1.30365836,103.77532676,26.0,43.0,82.2,7.18
2017-03-21-10-39-24am,1490063964072,1490064231404,2017-03-21-10-43-51am,gps,1.30394507,103.7757229,38.0,10.0,114.0,4.05
2017-03-21-10-39-34am,1490063974067,1490064241398,2017-03-21-10-44-01am,gps,1.30372172,103.77524438,13.0,45.0,260.8,9.31
2017-03-21-10-39-53am,1490063993045,1490064260409,2017-03-21-10-44-20am,gps,1.30348787,103.77405989,18.0,30.0,236.1,0.96
2017-03-21-10-40-03am,1490064003041,1490064270401,2017-03-21-10-44-30am,gps,1.30304633,103.77398474,17.0,19.0,202.8,5.8
2017-03-21-10-40-18am,1490064018792,1490064018556,2017-03-21-10-40-18am,network,1.3036694,103.7736337,699.999,-1.0,-1.0,-1.0
2017-03-21-10-40-33am,1490064033089,1490064300401,2017-03-21-10-45-00am,gps,1.30067834,103.77433633,13.0,27.0,189.0,5.85
2017-03-21-10-40-39am,1490064039163,1490064038589,2017-03-21-10-40-38am,network,1.3004861,103.7737696,24.039,-1.0,-1.0,-1.0
2017-03-21-10-40-55am,1490064055035,1490064322408,2017-03-21-10-45-22am,gps,1.29971068,103.77464338,9.0,1.0,176.5,1.61
2017-03-21-10-41-12am,1490064072051,1490064339416,2017-03-21-10-45-39am,gps,1.29906677,103.77438159,27.0,8.0,297.9,2.23
2017-03-21-10-41-19am,1490064079064,1490064078660,2017-03-21-10-41-18am,network,1.2989236,103.7741665,72.9,-1.0,-1.0,-1.0
2017-03-21-10-41-33am,1490064093054,1490064360422,2017-03-21-10-46-00am,gps,1.30017151,103.77458,36.0,164.0,60.1,1.98
2017-03-21-10-41-38am,1490064098862,1490064098677,2017-03-21-10-41-38am,network,1.2986903,103.774358,500.0,-1.0,-1.0,-1.0
2017-03-21-10-41-53am,1490064113058,1490064380410,2017-03-21-10-46-20am,gps,1.29848823,103.77384841,25.0,41.0,239.0,4.91
2017-03-21-10-41-58am,1490064118891,1490064118684,2017-03-21-10-41-58am,network,1.2986903,103.774358,500.0,-1.0,-1.0,-1.0
2017-03-21-10-42-06am,1490064126062,1490064393423,2017-03-21-10-46-33am,gps,1.29828538,103.77343434,44.0,80.0,249.1,5.49
2017-03-21-10-42-19am,1490064139111,1490064138664,2017-03-21-10-42-18am,network,1.2969407,103.7732716,50.0,-1.0,-1.0,-1.0
2017-03-21-10-42-25am,1490064145110,1490064412427,2017-03-21-10-46-52am,gps,1.29696635,103.77261464,25.0,25.0,214.2,5.88
2017-03-21-10-42-35am,1490064155060,1490064422423,2017-03-21-10-47-02am,gps,1.29656019,103.77234623,28.0,47.0,278.8,2.53
2017-03-21-10-42-46am,1490064166049,1490064433415,2017-03-21-10-47-13am,gps,1.29650927,103.77230986,52.0,78.0,-1.0,0.0
2017-03-21-10-42-56am,1490064176125,1490064443428,2017-03-21-10-47-23am,gps,1.29635003,103.77225377,36.0,24.0,80.3,0.3
2017-03-21-10-43-15am,1490064195066,1490064462434,2017-03-21-10-47-42am,gps,1.29637369,103.77154975,29.0,82.0,262.7,11.31
2017-03-21-10-43-36am,1490064216065,1490064483422,2017-03-21-10-48-03am,gps,1.29566647,103.770747,18.0,43.0,202.0,9.79
2017-03-21-10-43-55am,1490064235068,1490064502434,2017-03-21-10-48-22am,gps,1.29471955,103.77060294,22.0,13.0,287.2,0.52
2017-03-21-10-44-05am,1490064245053,1490064512423,2017-03-21-10-48-32am,gps,1.29483361,103.77076769,12.0,26.0,112.1,0.22
2017-03-21-10-44-19am,1490064259338,1490064258621,2017-03-21-10-44-18am,network,1.2944287,103.771144,22.131,-1.0,-1.0,-1.0
2017-03-21-10-44-34am,1490064274069,1490064541424,2017-03-21-10-49-01am,gps,1.29344912,103.77160893,16.0,66.0,103.8,8.43
2017-03-21-10-44-39am,1490064279852,1490064278756,2017-03-21-10-44-38am,network,1.2938414,103.7715062,50.0,-1.0,-1.0,-1.0
2017-03-21-10-44-47am,1490064287068,1490064554430,2017-03-21-10-49-14am,gps,1.293345,103.7717301,26.0,33.0,33.7,1.21
2017-03-21-10-44-59am,1490064299408,1490064298700,2017-03-21-10-44-58am,network,1.2929622,103.7717778,50.0,-1.0,-1.0,-1.0
2017-03-21-10-45-19am,1490064319538,1490064318674,2017-03-21-10-45-18am,network,1.2941325,103.7717778,50.0,-1.0,-1.0,-1.0
2017-03-21-10-45-32am,1490064332659,1490064600000,2017-03-21-10-50-00am,gps,1.29361521,103.77212317,38.0,63.0,-1.0,0.0
2017-03-21-10-45-39am,1490064339540,1490064338872,2017-03-21-10-45-38am,network,1.2942042,103.7720494,33.563,-1.0,-1.0,-1.0
2017-03-21-10-45-52am,1490064352633,1490064620000,2017-03-21-10-50-20am,gps,1.29452409,103.77303325,41.0,56.0,45.2,7.18
2017-03-21-10-45-59am,1490064359554,1490064358971,2017-03-21-10-45-58am,network,1.2949998,103.773679,24.012,-1.0,-1.0,-1.0
2017-03-21-10-46-12am,1490064372661,1490064640000,2017-03-21-10-50-40am,gps,1.29476082,103.77380705,45.0,13.0,118.2,1.24
2017-03-21-10-46-19am,1490064379613,1490064378874,2017-03-21-10-46-18am,network,1.2943405,103.7738601,22.907,-1.0,-1.0,-1.0
2017-03-21-10-46-32am,1490064392649,1490064660000,2017-03-21-10-51-00am,gps,1.29441547,103.77365929,19.0,-2.0,15.3,2.5
2017-03-21-10-46-39am,1490064399521,1490064399022,2017-03-21-10-46-39am,network,1.2943405,103.7738601,22.898,-1.0,-1.0,-1.0
2017-03-21-10-46-52am,1490064412655,1490064680000,2017-03-21-10-51-20am,gps,1.29442978,103.77340379,22.0,-4.0,308.4,5.18
2017-03-21-10-46-59am,1490064419603,1490064419014,2017-03-21-10-46-59am,network,1.2950023,103.7732263,50.0,-1.0,-1.0,-1.0
2017-03-21-10-47-12am,1490064432631,1490064700000,2017-03-21-10-51-40am,gps,1.29438032,103.77257497,27.0,19.0,234.8,1.77
2017-03-21-10-47-19am,1490064439609,1490064438828,2017-03-21-10-47-18am,network,1.294351,103.7719589,50.0,-1.0,-1.0,-1.0
2017-03-21-10-47-32am,1490064452729,1490064720000,2017-03-21-10-52-00am,gps,1.29363029,103.77206675,14.0,22.0,194.8,3.77
2017-03-21-10-47-39am,1490064459616,1490064458931,2017-03-21-10-47-38am,network,1.2927422,103.7718683,22.758,-1.0,-1.0,-1.0
2017-03-21-10-47-52am,1490064472663,1490064740000,2017-03-21-10-52-20am,gps,1.2928874,103.77289399,43.0,52.0,128.5,7.43
2017-03-21-10-47-59am,1490064479684,1490064478809,2017-03-21-10-47-58am,network,1.2929168,103.7733621,27.818,-1.0,-1.0,-1.0
2017-03-21-10-48-14am,1490064494644,1490064762000,2017-03-21-10-52-42am,gps,1.29220817,103.77405708,38.0,18.0,73.5,3.97
2017-03-21-10-48-20am,1490064500165,1490064498898,2017-03-21-10-48-18am,network,1.2919987,103.7740412,24.202,-1.0,-1.0,-1.0
2017-03-21-10-48-39am,1490064519696,1490064518840,2017-03-21-10-48-38am,network,1.2930193,103.7746749,29.561,-1.0,-1.0,-1.0
2017-03-21-10-48-54am,1490064534652,1490064802000,2017-03-21-10-53-22am,gps,1.29327294,103.77512523,48.0,39.0,37.8,3.51
2017-03-21-10-48-59am,1490064539809,1490064539043,2017-03-21-10-48-59am,network,1.2938189,103.7755803,25.621,-1.0,-1.0,-1.0
2017-03-21-10-49-14am,1490064554656,1490064822000,2017-03-21-10-53-42am,gps,1.29341129,103.77516663,66.0,22.0,-1.0,0.0
2017-03-21-10-49-19am,1490064559798,1490064559070,2017-03-21-10-49-19am,network,1.2933467,103.7749918,21.934,-1.0,-1.0,-1.0
2017-03-21-10-49-31am,1490064571652,1490064839000,2017-03-21-10-53-59am,gps,1.29334947,103.7749942,25.0,31.0,284.4,2.3
2017-03-21-10-49-41am,1490064581564,1490064573748,2017-03-21-10-49-33am,network,1.2932014,103.7748107,24.592,-1.0,-1.0,-1.0
2017-03-21-10-49-52am,1490064592683,1490064860000,2017-03-21-10-54-20am,gps,1.29312428,103.77527224,36.0,5.0,267.7,0.3
2017-03-21-10-50-01am,1490064601588,1490064588830,2017-03-21-10-49-48am,network,1.2931636,103.7750371,24.219,-1.0,-1.0,-1.0
2017-03-21-10-50-12am,1490064612654,1490064880000,2017-03-21-10-54-40am,gps,1.2928638,103.77487087,22.0,27.0,226.0,2.01
2017-03-21-10-50-21am,1490064621510,1490064607594,2017-03-21-10-50-07am,network,1.2932372,103.7749465,22.66,-1.0,-1.0,-1.0
2017-03-21-10-50-32am,1490064632653,1490064900000,2017-03-21-10-55-00am,gps,1.29241399,103.77462223,15.0,44.0,173.4,3.12
2017-03-21-10-50-41am,1490064641655,1490064621663,2017-03-21-10-50-21am,network,1.2927277,103.7744938,24.073,-1.0,-1.0,-1.0
2017-03-21-10-50-52am,1490064652667,1490064920000,2017-03-21-10-55-20am,gps,1.29228277,103.77478555,33.0,4.0,122.8,2.17
2017-03-21-10-51-02am,1490064662646,1490064930000,2017-03-21-10-55-30am,gps,1.2924769,103.77444717,28.0,11.0,292.3,1.63
2017-03-21-10-51-12am,1490064672619,1490064940000,2017-03-21-10-55-40am,gps,1.29243651,103.77412957,49.0,36.0,268.2,2.41
2017-03-21-10-51-21am,1490064681610,1490064679528,2017-03-21-10-51-19am,network,1.292142,103.7745844,23.98,-1.0,-1.0,-1.0
2017-03-21-10-51-32am,1490064692657,1490064960000,2017-03-21-10-56-00am,gps,1.29221021,103.77418504,54.0,37.0,232.5,1.52
2017-03-21-10-51-42am,1490064702634,1490064970000,2017-03-21-10-56-10am,gps,1.29245318,103.77395044,45.0,31.0,284.5,1.54
2017-03-21-10-52-01am,1490064721648,1490064711655,2017-03-21-10-51-51am,network,1.292142,103.7745844,23.98,-1.0,-1.0,-1.0
2017-03-21-10-52-12am,1490064732627,1490065000000,2017-03-21-10-56-40am,gps,1.29252342,103.77396635,37.0,26.0,119.9,0.72
2017-03-21-10-52-22am,1490064742114,1490064738190,2017-03-21-10-52-18am,network,1.2920002,103.7737696,23.953,-1.0,-1.0,-1.0
2017-03-21-10-52-41am,1490064761609,1490064752109,2017-03-21-10-52-32am,network,1.2930213,103.7743128,50.0,-1.0,-1.0,-1.0
2017-03-21-10-52-52am,1490064772672,1490065040000,2017-03-21-10-57-20am,gps,1.29279029,103.7734479,24.0,33.0,323.0,1.15
2017-03-21-10-53-01am,1490064781715,1490064767877,2017-03-21-10-52-47am,network,1.2929536,103.7733169,24.261,-1.0,-1.0,-1.0
2017-03-21-10-53-12am,1490064792636,1490065060000,2017-03-21-10-57-40am,gps,1.29294811,103.77335883,18.0,35.0,128.4,0.62
2017-03-21-10-53-21am,1490064801635,1490064800202,2017-03-21-10-53-20am,network,1.2930631,103.7733621,23.367,-1.0,-1.0,-1.0
2017-03-21-10-53-32am,1490064812636,1490065080000,2017-03-21-10-58-00am,gps,1.29303223,103.77310263,19.0,32.0,294.8,1.44
2017-03-21-10-53-52am,1490064832637,1490065100000,2017-03-21-10-58-20am,gps,1.29318767,103.77293656,23.0,31.0,297.8,1.14
2017-03-21-10-54-01am,1490064841763,1490064840695,2017-03-21-10-54-00am,network,1.2931741,103.7731358,25.901,-1.0,-1.0,-1.0
2017-03-21-10-54-12am,1490064852656,1490065120000,2017-03-21-10-58-40am,gps,1.29323653,103.77271499,19.0,37.0,286.0,0.8
2017-03-21-10-54-22am,1490064862666,1490065130000,2017-03-21-10-58-50am,gps,1.29335196,103.77253699,13.0,33.0,286.7,1.32
2017-03-21-10-54-41am,1490064881804,1490064881610,2017-03-21-10-54-41am,network,1.2913832,103.7729094,699.999,-1.0,-1.0,-1.0
2017-03-21-10-54-52am,1490064892655,1490065160000,2017-03-21-10-59-20am,gps,1.2934444,103.77214994,17.0,34.0,281.7,1.57
2017-03-21-10-55-01am,1490064901804,1490064901625,2017-03-21-10-55-01am,network,1.2913832,103.7729094,699.999,-1.0,-1.0,-1.0
2017-03-21-10-55-21am,1490064921643,1490065189000,2017-03-21-10-59-49am,gps,1.29337027,103.7717781,24.0,39.0,249.0,1.01
2017-03-21-10-55-32am,1490064932640,1490065200000,2017-03-21-11-00-00am,gps,1.29355838,103.77176771,21.0,38.0,21.7,1.92
2017-03-21-10-55-41am,1490064941815,1490064941647,2017-03-21-10-55-41am,network,1.2919684,103.7729094,699.999,-1.0,-1.0,-1.0
2017-03-21-10-56-01am,1490064961659,1490065229000,2017-03-21-11-00-29am,gps,1.2936579,103.77167293,29.0,49.0,46.2,0.71
2017-03-21-10-56-12am,1490064972660,1490065240000,2017-03-21-11-00-40am,gps,1.29355157,103.77143387,17.0,57.0,293.6,1.18
2017-03-21-10-56-21am,1490064981744,1490064981666,2017-03-21-10-56-21am,network,1.2925655,103.7707366,200.0,-1.0,-1.0,-1.0
2017-03-21-10-56-31am,1490064991628,1490065259000,2017-03-21-11-00-59am,gps,1.29376538,103.77124756,27.0,62.0,313.3,1.22
2017-03-21-10-56-42am,1490065002635,1490065270000,2017-03-21-11-01-10am,gps,1.2937681,103.77114438,22.0,66.0,91.3,0.78
2017-03-21-10-57-02am,1490065022317,1490065022060,2017-03-21-10-57-02am,network,1.2942092,103.771144,22.099,-1.0,-1.0,-1.0
2017-03-21-10-57-12am,1490065032627,1490065300000,2017-03-21-11-01-40am,gps,1.29402875,103.770753,34.0,68.0,253.4,2.58
2017-03-21-10-57-22am,1490065042258,1490065036366,2017-03-21-10-57-16am,network,1.2942824,103.771144,22.899,-1.0,-1.0,-1.0
2017-03-21-10-57-42am,1490065062752,1490065330000,2017-03-21-11-02-10am,gps,1.29434361,103.77087641,20.0,40.0,359.6,1.54
2017-03-21-10-58-01am,1490065081622,1490065349000,2017-03-21-11-02-29am,gps,1.29471397,103.77086324,25.0,21.0,29.7,2.78
2017-03-21-10-58-11am,1490065091646,1490065359000,2017-03-21-11-02-39am,gps,1.29472242,103.77085865,24.0,18.0,4.6,0.51
2017-03-21-10-58-22am,1490065102311,1490065091949,2017-03-21-10-58-11am,network,1.2943918,103.7711893,21.943,-1.0,-1.0,-1.0
2017-03-21-10-58-41am,1490065121618,1490065389000,2017-03-21-11-03-09am,gps,1.29486338,103.77070169,28.0,29.0,324.7,1.47
2017-03-21-10-58-52am,1490065132634,1490065400000,2017-03-21-11-03-20am,gps,1.29504423,103.77066599,25.0,35.0,18.9,1.23
2017-03-21-10-59-02am,1490065142399,1490065142181,2017-03-21-10-59-02am,network,1.2963694,103.7707366,400.0,-1.0,-1.0,-1.0
2017-03-21-10-59-22am,1490065162382,1490065162190,2017-03-21-10-59-22am,network,1.2963694,103.7707366,400.0,-1.0,-1.0,-1.0
2017-03-21-10-59-42am,1490065182409,1490065182198,2017-03-21-10-59-42am,network,1.2963694,103.7707366,400.0,-1.0,-1.0,-1.0
2017-03-21-11-00-02am,1490065202644,1490065470000,2017-03-21-11-04-30am,gps,1.29576037,103.77068843,17.0,56.0,355.0,1.43
2017-03-21-11-00-21am,1490065221659,1490065489000,2017-03-21-11-04-49am,gps,1.29607705,103.77091016,21.0,52.0,357.9,1.26
2017-03-21-11-00-27am,1490065227290,1490065222246,2017-03-21-11-00-22am,network,1.2960668,103.7725473,500.0,-1.0,-1.0,-1.0
2017-03-21-11-00-42am,1490065242478,1490065242257,2017-03-21-11-00-42am,network,1.2960668,103.7725473,500.0,-1.0,-1.0,-1.0
2017-03-21-11-01-02am,1490065262487,1490065262278,2017-03-21-11-01-02am,network,1.2960668,103.7725473,500.0,-1.0,-1.0,-1.0
2017-03-21-11-01-12am,1490065272664,1490065540000,2017-03-21-11-05-40am,gps,1.2959628,103.77163127,37.0,35.0,79.8,2.6
2017-03-21-11-01-22am,1490065282461,1490065282286,2017-03-21-11-01-22am,network,1.296652,103.7725473,899.999,-1.0,-1.0,-1.0
2017-03-21-11-01-42am,1490065302663,1490065570000,2017-03-21-11-06-10am,gps,1.29620938,103.77178357,21.0,47.0,109.4,0.41
2017-03-21-11-01-52am,1490065312621,1490065580000,2017-03-21-11-06-20am,gps,1.2962308,103.77188032,26.0,54.0,83.5,0.38
2017-03-21-11-02-02am,1490065322672,1490065590000,2017-03-21-11-06-30am,gps,1.29627707,103.77205163,58.0,54.0,70.3,1.15
2017-03-21-11-02-12am,1490065332619,1490065600000,2017-03-21-11-06-40am,gps,1.29635027,103.77209819,48.0,55.0,60.5,1.28
2017-03-21-11-02-17am,1490065337909,1490065322603,2017-03-21-11-02-02am,network,1.2972352,103.7729094,500.0,-1.0,-1.0,-1.0
2017-03-21-11-02-23am,1490065343465,1490065343299,2017-03-21-11-02-23am,network,1.2972352,103.7729094,500.0,-1.0,-1.0,-1.0
2017-03-21-11-02-32am,1490065352621,1490065620000,2017-03-21-11-07-00am,gps,1.29622756,103.77218224,18.0,37.0,139.4,0.67
2017-03-21-11-02-43am,1490065363462,1490065363318,2017-03-21-11-02-43am,network,1.2972352,103.7729094,500.0,-1.0,-1.0,-1.0
2017-03-21-11-02-51am,1490065371609,1490065639000,2017-03-21-11-07-19am,gps,1.29617598,103.7725047,27.0,60.0,55.5,2.99
2017-03-21-11-03-01am,1490065381594,1490065649000,2017-03-21-11-07-29am,gps,1.29627918,103.77263936,28.0,65.0,110.9,0.72
2017-03-21-11-03-12am,1490065392740,1490065660000,2017-03-21-11-07-40am,gps,1.29619222,103.77287649,34.0,85.0,108.4,2.48
2017-03-21-11-03-23am,1490065403566,1490065403293,2017-03-21-11-03-23am,network,1.2963928,103.7731358,26.916,-1.0,-1.0,-1.0
2017-03-21-11-03-35am,1490065415612,1490065683000,2017-03-21-11-08-03am,gps,1.29624784,103.77314688,102.0,102.0,79.6,0.97
2017-03-21-11-03-43am,1490065423609,1490065423341,2017-03-21-11-03-43am,network,1.2963933,103.7730453,22.118,-1.0,-1.0,-1.0
2017-03-21-11-04-02am,1490065442632,1490065710000,2017-03-21-11-08-30am,gps,1.29617156,103.77295775,45.0,52.0,231.6,0.68
2017-03-21-11-04-12am,1490065452639,1490065720000,2017-03-21-11-08-40am,gps,1.29617616,103.77320834,23.0,66.0,115.9,1.56
2017-03-21-11-04-23am,1490065463637,1490065463407,2017-03-21-11-04-23am,network,1.2964291,103.7731811,24.417,-1.0,-1.0,-1.0
2017-03-21-11-04-32am,1490065472674,1490065740000,2017-03-21-11-09-00am,gps,1.29585316,103.7735156,22.0,47.0,147.8,2.9
2017-03-21-11-04-42am,1490065482625,1490065750000,2017-03-21-11-09-10am,gps,1.29584368,103.77320644,15.0,50.0,197.3,1.01
2017-03-21-11-04-52am,1490065492685,1490065760000,2017-03-21-11-09-20am,gps,1.29572329,103.77329135,25.0,50.0,157.7,0.93
2017-03-21-11-05-02am,1490065502622,1490065770000,2017-03-21-11-09-30am,gps,1.29574345,103.77332287,22.0,39.0,181.1,0.56
2017-03-21-11-05-12am,1490065512608,1490065780000,2017-03-21-11-09-40am,gps,1.29557657,103.77337972,29.0,47.0,162.1,1.33
2017-03-21-11-05-23am,1490065523808,1490065513513,2017-03-21-11-05-13am,network,1.2955861,103.7734979,22.826,-1.0,-1.0,-1.0
2017-03-21-11-05-32am,1490065532614,1490065800000,2017-03-21-11-10-00am,gps,1.29552053,103.77353487,50.0,47.0,288.6,1.11
2017-03-21-11-05-43am,1490065543829,1490065533559,2017-03-21-11-05-33am,network,1.2953656,103.773679,22.081,-1.0,-1.0,-1.0
2017-03-21-11-06-03am,1490065563737,1490065561872,2017-03-21-11-06-01am,network,1.295238,103.7737326,20.0,-1.0,-1.0,-1.0
2017-03-21-11-06-27am,1490065587852,1490065587759,2017-03-21-11-06-27am,network,1.2951456,103.7737696,25.926,-1.0,-1.0,-1.0
2017-03-21-11-06-43am,1490065603916,1490065600300,2017-03-21-11-06-40am,network,1.2950725,103.7737696,24.033,-1.0,-1.0,-1.0
2017-03-21-11-07-06am,1490065626585,1490065626422,2017-03-21-11-07-06am,network,1.294852,103.7739506,22.098,-1.0,-1.0,-1.0
2017-03-21-11-07-26am,1490065646611,1490065644807,2017-03-21-11-07-24am,network,1.2946684,103.7740864,21.857,-1.0,-1.0,-1.0
2017-03-21-11-07-46am,1490065666790,1490065664800,2017-03-21-11-07-44am,network,1.2946684,103.7740864,21.892,-1.0,-1.0,-1.0
2017-03-21-11-08-06am,1490065686790,1490065684855,2017-03-21-11-08-04am,network,1.2946684,103.7740864,21.876,-1.0,-1.0,-1.0
2017-03-21-11-08-26am,1490065706782,1490065704895,2017-03-21-11-08-24am,network,1.2946684,103.7740864,21.892,-1.0,-1.0,-1.0
2017-03-21-11-08-46am,1490065726756,1490065724905,2017-03-21-11-08-44am,network,1.2946684,103.7740864,21.877,-1.0,-1.0,-1.0
2017-03-21-11-09-06am,1490065746859,1490065744917,2017-03-21-11-09-04am,network,1.2946684,103.7740864,21.901,-1.0,-1.0,-1.0
2017-03-21-11-09-26am,1490065766812,1490065764944,2017-03-21-11-09-24am,network,1.2946684,103.7740864,21.884,-1.0,-1.0,-1.0
2017-03-21-11-09-46am,1490065786886,1490065784955,2017-03-21-11-09-44am,network,1.294682,103.7740863,20.0,-1.0,-1.0,-1.0
2017-03-21-11-10-06am,1490065806862,1490065804966,2017-03-21-11-10-04am,network,1.294682,103.7740863,20.0,-1.0,-1.0,-1.0
2017-03-21-11-10-26am,1490065826866,1490065824988,2017-03-21-11-10-24am,network,1.2946684,103.7740864,21.889,-1.0,-1.0,-1.0
2017-03-21-11-10-46am,1490065846915,1490065845011,2017-03-21-11-10-45am,network,1.2946684,103.7740864,21.869,-1.0,-1.0,-1.0
2017-03-21-11-11-06am,1490065866962,1490065865070,2017-03-21-11-11-05am,network,1.2946684,103.7740864,21.887,-1.0,-1.0,-1.0
2017-03-21-11-11-26am,1490065886948,1490065885050,2017-03-21-11-11-25am,network,1.2946684,103.7740864,21.907,-1.0,-1.0,-1.0
2017-03-21-11-11-47am,1490065907199,1490065905086,2017-03-21-11-11-45am,network,1.2946684,103.7740864,21.903,-1.0,-1.0,-1.0
2017-03-21-11-12-07am,1490065927220,1490065925097,2017-03-21-11-12-05am,network,1.2946684,103.7740864,21.902,-1.0,-1.0,-1.0
2017-03-21-11-12-27am,1490065947213,1490065945126,2017-03-21-11-12-25am,network,1.2946684,103.7740864,21.897,-1.0,-1.0,-1.0
2017-03-21-11-12-47am,1490065967296,1490065965148,2017-03-21-11-12-45am,network,1.2946684,103.7740864,21.895,-1.0,-1.0,-1.0
2017-03-21-11-13-07am,1490065987193,1490065985178,2017-03-21-11-13-05am,network,1.2946684,103.7740864,21.899,-1.0,-1.0,-1.0
2017-03-21-11-13-27am,1490066007201,1490066005191,2017-03-21-11-13-25am,network,1.2946684,103.7740864,21.916,-1.0,-1.0,-1.0
2017-03-21-11-13-47am,1490066027274,1490066025209,2017-03-21-11-13-45am,network,1.2946684,103.7740864,21.838,-1.0,-1.0,-1.0
2017-03-21-11-14-07am,1490066047245,1490066045247,2017-03-21-11-14-05am,network,1.2946684,103.7740864,21.887,-1.0,-1.0,-1.0
2017-03-21-11-14-27am,1490066067355,1490066065302,2017-03-21-11-14-25am,network,1.2946684,103.7740864,21.858,-1.0,-1.0,-1.0
2017-03-21-11-14-47am,1490066087404,1490066085302,2017-03-21-11-14-45am,network,1.2946684,103.7740864,21.86,-1.0,-1.0,-1.0
2017-03-21-11-15-07am,1490066107439,1490066105341,2017-03-21-11-15-05am,network,1.2946684,103.7740864,21.833,-1.0,-1.0,-1.0
2017-03-21-11-15-27am,1490066127405,1490066125345,2017-03-21-11-15-25am,network,1.2946684,103.7740864,21.916,-1.0,-1.0,-1.0
2017-03-21-11-15-47am,1490066147569,1490066145412,2017-03-21-11-15-45am,network,1.2946684,103.7740864,21.874,-1.0,-1.0,-1.0
2017-03-21-11-16-07am,1490066167462,1490066165413,2017-03-21-11-16-05am,network,1.2946684,103.7740864,21.88,-1.0,-1.0,-1.0
2017-03-21-11-16-27am,1490066187438,1490066185443,2017-03-21-11-16-25am,network,1.2946684,103.7740864,21.898,-1.0,-1.0,-1.0
2017-03-21-11-16-47am,1490066207597,1490066205448,2017-03-21-11-16-45am,network,1.2946684,103.7740864,21.857,-1.0,-1.0,-1.0
2017-03-21-11-17-07am,1490066227515,1490066225460,2017-03-21-11-17-05am,network,1.2946684,103.7740864,21.889,-1.0,-1.0,-1.0
2017-03-21-11-17-27am,1490066247599,1490066245502,2017-03-21-11-17-25am,network,1.2946684,103.7740864,21.893,-1.0,-1.0,-1.0
2017-03-21-11-17-47am,1490066267673,1490066265508,2017-03-21-11-17-45am,network,1.2946684,103.7740864,21.884,-1.0,-1.0,-1.0
2017-03-21-11-18-07am,1490066287578,1490066285521,2017-03-21-11-18-05am,network,1.2946684,103.7740864,21.883,-1.0,-1.0,-1.0
2017-03-21-11-18-27am,1490066307665,1490066305558,2017-03-21-11-18-25am,network,1.2946684,103.7740864,21.883,-1.0,-1.0,-1.0
2017-03-21-11-18-47am,1490066327701,1490066325567,2017-03-21-11-18-45am,network,1.2946684,103.7740864,21.889,-1.0,-1.0,-1.0
2017-03-21-11-19-07am,1490066347759,1490066345621,2017-03-21-11-19-05am,network,1.2946684,103.7740864,21.885,-1.0,-1.0,-1.0
2017-03-21-11-19-27am,1490066367748,1490066365643,2017-03-21-11-19-25am,network,1.2946684,103.7740864,21.903,-1.0,-1.0,-1.0
2017-03-21-11-19-47am,1490066387829,1490066385682,2017-03-21-11-19-45am,network,1.2946684,103.7740864,21.908,-1.0,-1.0,-1.0
2017-03-21-11-20-07am,1490066407822,1490066405688,2017-03-21-11-20-05am,network,1.2946684,103.7740864,21.903,-1.0,-1.0,-1.0
2017-03-21-11-20-27am,1490066427795,1490066425735,2017-03-21-11-20-25am,network,1.2946684,103.7740864,21.9,-1.0,-1.0,-1.0
2017-03-21-11-20-48am,1490066448020,1490066445759,2017-03-21-11-20-45am,network,1.2946684,103.7740864,21.896,-1.0,-1.0,-1.0
2017-03-21-11-21-08am,1490066468146,1490066465809,2017-03-21-11-21-05am,network,1.2946684,103.7740864,21.866,-1.0,-1.0,-1.0
2017-03-21-11-21-28am,1490066488114,1490066485904,2017-03-21-11-21-25am,network,1.2946684,103.7740864,21.895,-1.0,-1.0,-1.0
2017-03-21-11-21-48am,1490066508166,1490066505954,2017-03-21-11-21-45am,network,1.2946684,103.7740864,21.892,-1.0,-1.0,-1.0
2017-03-21-11-22-09am,1490066529132,1490066526064,2017-03-21-11-22-06am,network,1.2946684,103.7740864,21.907,-1.0,-1.0,-1.0
2017-03-21-11-22-29am,1490066549230,1490066546096,2017-03-21-11-22-26am,network,1.2946684,103.7740864,21.911,-1.0,-1.0,-1.0
2017-03-21-11-22-49am,1490066569324,1490066566123,2017-03-21-11-22-46am,network,1.2946684,103.7740864,21.906,-1.0,-1.0,-1.0
2017-03-21-11-23-09am,1490066589422,1490066586218,2017-03-21-11-23-06am,network,1.2946684,103.7740864,21.892,-1.0,-1.0,-1.0
2017-03-21-11-23-29am,1490066609304,1490066606179,2017-03-21-11-23-26am,network,1.2946684,103.7740864,21.85,-1.0,-1.0,-1.0
2017-03-21-11-23-49am,1490066629413,1490066626190,2017-03-21-11-23-46am,network,1.2946684,103.7740864,21.916,-1.0,-1.0,-1.0
2017-03-21-11-24-09am,1490066649407,1490066646231,2017-03-21-11-24-06am,network,1.2946684,103.7740864,21.889,-1.0,-1.0,-1.0
2017-03-21-11-24-29am,1490066669416,1490066666250,2017-03-21-11-24-26am,network,1.2946684,103.7740864,21.903,-1.0,-1.0,-1.0
2017-03-21-11-24-49am,1490066689419,1490066686245,2017-03-21-11-24-46am,network,1.294682,103.7740863,20.1,-1.0,-1.0,-1.0
2017-03-21-11-25-09am,1490066709416,1490066706282,2017-03-21-11-25-06am,network,1.2946684,103.7740864,21.922,-1.0,-1.0,-1.0
2017-03-21-11-25-29am,1490066729491,1490066726311,2017-03-21-11-25-26am,network,1.2946684,103.7740864,21.935,-1.0,-1.0,-1.0
2017-03-21-11-25-49am,1490066749867,1490066746305,2017-03-21-11-25-46am,network,1.2946684,103.7740864,21.905,-1.0,-1.0,-1.0
2017-03-21-11-26-09am,1490066769816,1490066766357,2017-03-21-11-26-06am,network,1.2946684,103.7740864,21.906,-1.0,-1.0,-1.0
2017-03-21-11-26-29am,1490066789785,1490066786377,2017-03-21-11-26-26am,network,1.2946684,103.7740864,21.919,-1.0,-1.0,-1.0
2017-03-21-11-26-49am,1490066809837,1490066806394,2017-03-21-11-26-46am,network,1.2946684,103.7740864,21.916,-1.0,-1.0,-1.0
2017-03-21-11-27-09am,1490066829903,1490066816458,2017-03-21-11-26-56am,network,1.2946684,103.7740864,21.905,-1.0,-1.0,-1.0
2017-03-21-11-27-17am,1490066837603,1490067105000,2017-03-21-11-31-45am,gps,1.29449329,103.77416483,51.0,32.0,-1.0,0.0
2017-03-21-11-27-29am,1490066849847,1490066836464,2017-03-21-11-27-16am,network,1.2944121,103.7741317,23.169,-1.0,-1.0,-1.0
2017-03-21-11-27-41am,1490066861636,1490067129000,2017-03-21-11-32-09am,gps,1.29448808,103.77414559,122.0,30.0,-1.0,0.0
2017-03-21-11-27-54am,1490066874851,1490066869772,2017-03-21-11-27-49am,network,1.2954675,103.7750823,899.999,-1.0,-1.0,-1.0
2017-03-21-11-28-09am,1490066889999,1490066886409,2017-03-21-11-28-06am,network,1.2941912,103.7744033,22.101,-1.0,-1.0,-1.0
2017-03-21-11-28-26am,1490066906600,1490067174000,2017-03-21-11-32-54am,gps,1.29446883,103.77424532,63.0,44.0,-1.0,0.0
2017-03-21-11-28-50am,1490066930615,1490067198000,2017-03-21-11-33-18am,gps,1.2944596,103.77422796,153.0,50.0,-1.0,0.0
2017-03-21-11-29-03am,1490066943595,1490067211000,2017-03-21-11-33-31am,gps,1.29447948,103.77461409,148.0,46.0,-1.0,0.0
2017-03-21-11-29-19am,1490066959054,1490066957990,2017-03-21-11-29-17am,network,1.2935308,103.7747655,22.814,-1.0,-1.0,-1.0
2017-03-21-11-30-07am,1490067007585,1490067275000,2017-03-21-11-34-35am,gps,1.29446032,103.77463828,142.0,25.0,-1.0,0.0
2017-03-21-11-30-30am,1490067030279,1490067028463,2017-03-21-11-30-28am,network,1.2933089,103.7752181,22.017,-1.0,-1.0,-1.0
2017-03-21-11-30-51am,1490067051591,1490067319000,2017-03-21-11-35-19am,gps,1.29435847,103.77453563,84.0,20.0,-1.0,0.0
2017-03-21-11-30-58am,1490067058513,1490067049976,2017-03-21-11-30-49am,network,1.2922509,103.7747201,699.999,-1.0,-1.0,-1.0
2017-03-21-11-31-10am,1490067070115,1490067069978,2017-03-21-11-31-09am,network,1.2922509,103.7747201,699.999,-1.0,-1.0,-1.0
2017-03-21-11-31-30am,1490067090177,1490067089997,2017-03-21-11-31-29am,network,1.2919604,103.774358,800.0,-1.0,-1.0,-1.0
2017-03-21-11-31-35am,1490067095587,1490067363000,2017-03-21-11-36-03am,gps,1.29437709,103.77469321,84.0,21.0,-1.0,0.0
2017-03-21-11-31-50am,1490067110216,1490067110034,2017-03-21-11-31-50am,network,1.2919604,103.774358,800.0,-1.0,-1.0,-1.0
2017-03-21-11-32-10am,1490067130205,1490067130045,2017-03-21-11-32-10am,network,1.2922509,103.7747201,699.999,-1.0,-1.0,-1.0
2017-03-21-11-32-16am,1490067136590,1490067404000,2017-03-21-11-36-44am,gps,1.29437731,103.77487954,91.0,29.0,-1.0,0.0
2017-03-21-11-32-29am,1490067149610,1490067417000,2017-03-21-11-36-57am,gps,1.29429709,103.77506165,38.0,50.0,-1.0,0.0
2017-03-21-11-32-49am,1490067169636,1490067437000,2017-03-21-11-37-17am,gps,1.2941357,103.7749819,39.0,28.0,216.8,2.46
2017-03-21-11-33-00am,1490067180601,1490067448000,2017-03-21-11-37-28am,gps,1.29313004,103.77454429,33.0,45.0,-1.0,-1.0
2017-03-21-11-33-10am,1490067190295,1490067190092,2017-03-21-11-33-10am,network,1.2919604,103.774358,800.0,-1.0,-1.0,-1.0
2017-03-21-11-33-28am,1490067208598,1490067476000,2017-03-21-11-37-56am,gps,1.29289189,103.77478903,24.0,53.0,10.0,0.3
2017-03-21-11-33-38am,1490067218622,1490067486000,2017-03-21-11-38-06am,gps,1.29287249,103.7748767,27.0,56.0,329.5,0.94
2017-03-21-11-33-49am,1490067229629,1490067497000,2017-03-21-11-38-17am,gps,1.29298272,103.77514799,33.0,59.0,55.1,2.1
2017-03-21-11-34-09am,1490067249598,1490067517000,2017-03-21-11-38-37am,gps,1.29312234,103.77507671,32.0,73.0,214.4,0.7
2017-03-21-11-34-19am,1490067259609,1490067527000,2017-03-21-11-38-47am,gps,1.2930702,103.77516246,15.0,58.0,-1.0,0.0
2017-03-21-11-34-30am,1490067270319,1490067270151,2017-03-21-11-34-30am,network,1.2922509,103.7747201,699.999,-1.0,-1.0,-1.0
2017-03-21-11-34-38am,1490067278612,1490067546000,2017-03-21-11-39-06am,gps,1.29302959,103.7751703,28.0,48.0,-1.0,0.0
2017-03-21-11-34-49am,1490067289623,1490067557000,2017-03-21-11-39-17am,gps,1.29297738,103.77501899,28.0,42.0,-1.0,0.0
2017-03-21-11-34-59am,1490067299647,1490067567000,2017-03-21-11-39-27am,gps,1.29292403,103.77509766,27.0,27.0,-1.0,0.0
2017-03-21-11-35-09am,1490067309614,1490067577000,2017-03-21-11-39-37am,gps,1.29291868,103.77506517,35.0,42.0,-1.0,0.0
2017-03-21-11-35-19am,1490067319616,1490067587000,2017-03-21-11-39-47am,gps,1.2927898,103.77479137,32.0,23.0,250.7,3.41
2017-03-21-11-35-29am,1490067329592,1490067597000,2017-03-21-11-39-57am,gps,1.29253047,103.7742127,33.0,32.0,275.2,5.27
2017-03-21-11-35-48am,1490067348582,1490067616000,2017-03-21-11-40-16am,gps,1.29306651,103.77318243,22.0,38.0,306.5,6.41
2017-03-21-11-35-59am,1490067359601,1490067627000,2017-03-21-11-40-27am,gps,1.29322297,103.77261604,28.0,45.0,279.9,5.37
2017-03-21-11-36-09am,1490067369633,1490067637000,2017-03-21-11-40-37am,gps,1.29323136,103.77258954,51.0,47.0,131.2,1.17
2017-03-21-11-36-28am,1490067388583,1490067656000,2017-03-21-11-40-56am,gps,1.29341249,103.77223066,15.0,26.0,305.1,3.3
2017-03-21-11-36-39am,1490067399648,1490067667000,2017-03-21-11-41-07am,gps,1.29362986,103.77221462,58.0,25.0,19.1,2.27
2017-03-21-11-36-50am,1490067410542,1490067410343,2017-03-21-11-36-50am,network,1.2919684,103.7729094,699.999,-1.0,-1.0,-1.0
2017-03-21-11-36-58am,1490067418596,1490067686000,2017-03-21-11-41-26am,gps,1.29440151,103.77275758,14.0,61.0,43.4,6.14
2017-03-21-11-37-09am,1490067429583,1490067697000,2017-03-21-11-41-37am,gps,1.294927,103.77323034,13.0,71.0,44.8,7.51
2017-03-21-11-37-30am,1490067450486,1490067450367,2017-03-21-11-37-30am,network,1.2919684,103.7729094,699.999,-1.0,-1.0,-1.0
2017-03-21-11-37-48am,1490067468614,1490067736000,2017-03-21-11-42-16am,gps,1.29421289,103.77397317,25.0,68.0,96.9,1.91
2017-03-21-11-37-58am,1490067478582,1490067746000,2017-03-21-11-42-26am,gps,1.29434945,103.77395077,19.0,75.0,25.1,0.36
2017-03-21-11-38-09am,1490067489626,1490067757000,2017-03-21-11-42-37am,gps,1.29442604,103.77394547,26.0,75.0,2.6,0.6
2017-03-21-11-38-19am,1490067499604,1490067767000,2017-03-21-11-42-47am,gps,1.29431062,103.7735897,21.0,42.0,266.9,3.01
2017-03-21-11-38-30am,1490067510542,1490067510440,2017-03-21-11-38-30am,network,1.2913832,103.7729094,699.999,-1.0,-1.0,-1.0
2017-03-21-11-38-39am,1490067519570,1490067787000,2017-03-21-11-43-07am,gps,1.29462478,103.77305111,37.0,39.0,286.7,3.07
2017-03-21-11-38-49am,1490067529589,1490067797000,2017-03-21-11-43-17am,gps,1.29447571,103.77298593,57.0,40.0,190.8,2.7
2017-03-21-11-39-09am,1490067549578,1490067817000,2017-03-21-11-43-37am,gps,1.29401279,103.77269403,39.0,22.0,192.0,3.16
2017-03-21-11-39-19am,1490067559579,1490067827000,2017-03-21-11-43-47am,gps,1.29369158,103.77235183,59.0,25.0,235.0,2.72
2017-03-21-11-39-29am,1490067569586,1490067837000,2017-03-21-11-43-57am,gps,1.29348874,103.77191935,34.0,12.0,241.4,3.39
2017-03-21-11-39-50am,1490067590615,1490067858000,2017-03-21-11-44-18am,gps,1.29397579,103.77085276,69.0,11.0,324.8,8.31
2017-03-21-11-40-09am,1490067609631,1490067877000,2017-03-21-11-44-37am,gps,1.29491567,103.77060997,21.0,22.0,358.9,1.38
2017-03-21-11-40-19am,1490067619590,1490067887000,2017-03-21-11-44-47am,gps,1.29536257,103.77050643,20.0,12.0,347.6,3.9
2017-03-21-11-40-29am,1490067629590,1490067897000,2017-03-21-11-44-57am,gps,1.2955393,103.77048466,45.0,14.0,324.1,1.11
2017-03-21-11-40-39am,1490067639564,1490067907000,2017-03-21-11-45-07am,gps,1.29538779,103.77077365,33.0,8.0,69.1,2.02
2017-03-21-11-40-49am,1490067649581,1490067917000,2017-03-21-11-45-17am,gps,1.29559711,103.77089429,37.0,33.0,36.0,2.96
2017-03-21-11-40-59am,1490067659579,1490067927000,2017-03-21-11-45-27am,gps,1.29593723,103.77106323,46.0,29.0,28.1,4.21
2017-03-21-11-41-10am,1490067670593,1490067938000,2017-03-21-11-45-38am,gps,1.29589841,103.77126605,50.0,25.0,97.7,2.62
2017-03-21-11-41-29am,1490067689577,1490067957000,2017-03-21-11-45-57am,gps,1.29587312,103.77111084,49.0,44.0,194.4,0.59
2017-03-21-11-41-40am,1490067700582,1490067968000,2017-03-21-11-46-08am,gps,1.29587165,103.77128246,37.0,54.0,85.3,2.26
2017-03-21-11-41-50am,1490067710622,1490067978000,2017-03-21-11-46-18am,gps,1.29588485,103.77090355,28.0,44.0,225.7,0.61
2017-03-21-11-42-09am,1490067729573,1490067997000,2017-03-21-11-46-37am,gps,1.2959963,103.77088383,28.0,36.0,76.5,1.42
2017-03-21-11-42-19am,1490067739576,1490068007000,2017-03-21-11-46-47am,gps,1.29630238,103.77123382,48.0,36.0,49.6,3.2
2017-03-21-11-42-30am,1490067750580,1490068018000,2017-03-21-11-46-58am,gps,1.29621393,103.77066636,30.0,25.0,-1.0,0.0
2017-03-21-11-42-50am,1490067770581,1490068038000,2017-03-21-11-47-18am,gps,1.29621132,103.77069922,71.0,25.0,-1.0,0.0
2017-03-21-11-43-09am,1490067789579,1490068057000,2017-03-21-11-47-37am,gps,1.29616164,103.77084661,47.0,34.0,-1.0,0.0
2017-03-21-11-43-20am,1490067800600,1490068068000,2017-03-21-11-47-48am,gps,1.29617052,103.77084673,54.0,31.0,-1.0,0.0
2017-03-21-11-43-31am,1490067811026,1490067810839,2017-03-21-11-43-30am,network,1.2969527,103.7710987,100.0,-1.0,-1.0,-1.0
2017-03-21-11-43-39am,1490067819567,1490068087000,2017-03-21-11-48-07am,gps,1.29637394,103.77137589,33.0,24.0,48.0,9.32
2017-03-21-11-43-49am,1490067829620,1490068097000,2017-03-21-11-48-17am,gps,1.29712325,103.77241954,19.0,24.0,49.8,6.42
2017-03-21-11-43-59am,1490067839583,1490068107000,2017-03-21-11-48-27am,gps,1.2972889,103.77278631,40.0,26.0,87.8,4.41
2017-03-21-11-44-10am,1490067850580,1490068118000,2017-03-21-11-48-38am,gps,1.29734007,103.77266527,42.0,24.0,321.5,0.44
2017-03-21-11-44-30am,1490067870609,1490068138000,2017-03-21-11-48-58am,gps,1.29725978,103.77273071,46.0,21.0,175.9,0.87
2017-03-21-11-44-41am,1490067881608,1490068149000,2017-03-21-11-49-09am,gps,1.29731182,103.77273283,36.0,38.0,343.6,0.41
2017-03-21-11-44-51am,1490067891141,1490067891045,2017-03-21-11-44-51am,network,1.296652,103.7725473,400.0,-1.0,-1.0,-1.0
2017-03-21-11-45-00am,1490067900628,1490068168000,2017-03-21-11-49-28am,gps,1.29720421,103.77292536,63.0,41.0,38.1,2.13
2017-03-21-11-45-11am,1490067911269,1490067911060,2017-03-21-11-45-11am,network,1.2983997,103.7739958,600.0,-1.0,-1.0,-1.0
2017-03-21-11-45-19am,1490067919603,1490068187000,2017-03-21-11-49-47am,gps,1.29830286,103.77372668,20.0,37.0,43.2,8.4
2017-03-21-11-45-29am,1490067929627,1490068197000,2017-03-21-11-49-57am,gps,1.29884934,103.77411779,23.0,43.0,36.5,7.17
2017-03-21-11-45-48am,1490067948598,1490068216000,2017-03-21-11-50-16am,gps,1.2989613,103.77422889,22.0,32.0,279.4,0.54
2017-03-21-11-45-59am,1490067959601,1490068227000,2017-03-21-11-50-27am,gps,1.29897765,103.7742584,23.0,27.0,-1.0,0.0
2017-03-21-11-46-11am,1490067971753,1490067971620,2017-03-21-11-46-11am,network,1.2983997,103.7739958,600.0,-1.0,-1.0,-1.0
2017-03-21-11-46-19am,1490067979585,1490068247000,2017-03-21-11-50-47am,gps,1.29900066,103.7742811,45.0,27.0,-1.0,0.0
2017-03-21-11-46-29am,1490067989598,1490068257000,2017-03-21-11-50-57am,gps,1.29913571,103.77437264,55.0,24.0,21.2,10.14
2017-03-21-11-46-39am,1490067999568,1490068267000,2017-03-21-11-51-07am,gps,1.29988188,103.77349474,20.0,9.0,312.4,8.54
2017-03-21-11-46-49am,1490068009590,1490068277000,2017-03-21-11-51-17am,gps,1.30068599,103.77318885,30.0,35.0,322.8,7.05
2017-03-21-11-47-08am,1490068028597,1490068296000,2017-03-21-11-51-36am,gps,1.30137911,103.77337314,26.0,22.0,108.4,1.07
2017-03-21-11-47-21am,1490068041621,1490068309000,2017-03-21-11-51-49am,gps,1.30116932,103.77364678,79.0,23.0,98.0,4.02
2017-03-21-11-47-31am,1490068051888,1490068051681,2017-03-21-11-47-31am,network,1.3036755,103.7725473,600.0,-1.0,-1.0,-1.0
2017-03-21-11-47-40am,1490068060627,1490068328000,2017-03-21-11-52-08am,gps,1.30099433,103.77365922,71.0,14.0,131.1,1.56
2017-03-21-11-47-52am,1490068072005,1490068071823,2017-03-21-11-47-51am,network,1.3036694,103.7736337,699.999,-1.0,-1.0,-1.0
2017-03-21-11-47-58am,1490068078626,1490068346000,2017-03-21-11-52-26am,gps,1.3009179,103.7740733,27.0,39.0,358.7,0.93
2017-03-21-11-48-08am,1490068088572,1490068356000,2017-03-21-11-52-36am,gps,1.30144493,103.77403155,29.0,52.0,335.2,9.51
2017-03-21-11-48-18am,1490068098554,1490068366000,2017-03-21-11-52-46am,gps,1.30237064,103.7739092,15.0,34.0,-1.0,-1.0
2017-03-21-11-48-31am,1490068111627,1490068379000,2017-03-21-11-52-59am,gps,1.30335079,103.77420222,27.0,35.0,20.2,7.85
2017-03-21-11-48-49am,1490068129591,1490068397000,2017-03-21-11-53-17am,gps,1.30372048,103.7743724,55.0,20.0,-1.0,-1.0
2017-03-21-11-48-59am,1490068139585,1490068407000,2017-03-21-11-53-27am,gps,1.30338136,103.77423104,42.0,23.0,191.2,3.73
2017-03-21-11-49-09am,1490068149590,1490068417000,2017-03-21-11-53-37am,gps,1.30343857,103.77425833,38.0,30.0,-1.0,0.0
2017-03-21-11-49-19am,1490068159584,1490068427000,2017-03-21-11-53-47am,gps,1.30343625,103.77427528,38.0,29.0,-1.0,0.0
2017-03-21-11-49-32am,1490068172058,1490068171871,2017-03-21-11-49-31am,network,1.3036694,103.7736337,699.999,-1.0,-1.0,-1.0
2017-03-21-11-49-38am,1490068178619,1490068446000,2017-03-21-11-54-06am,gps,1.30347294,103.77423385,16.0,26.0,-1.0,0.0
2017-03-21-11-49-48am,1490068188566,1490068456000,2017-03-21-11-54-16am,gps,1.30349665,103.77419552,29.0,24.0,-1.0,0.0
2017-03-21-11-50-00am,1490068200582,1490068468000,2017-03-21-11-54-28am,gps,1.30348101,103.77409672,42.0,25.0,309.9,0.76
2017-03-21-11-50-12am,1490068212335,1490068212148,2017-03-21-11-50-12am,network,1.3036755,103.7725473,600.0,-1.0,-1.0,-1.0
2017-03-21-11-50-19am,1490068219580,1490068487000,2017-03-21-11-54-47am,gps,1.30373861,103.77399483,31.0,51.0,167.3,0.33
2017-03-21-11-50-30am,1490068230594,1490068498000,2017-03-21-11-54-58am,gps,1.30372638,103.77391332,65.0,48.0,273.9,0.88
2017-03-21-11-50-50am,1490068250590,1490068518000,2017-03-21-11-55-18am,gps,1.30391182,103.77365769,43.0,42.0,-1.0,0.0
2017-03-21-11-51-09am,1490068269566,1490068537000,2017-03-21-11-55-37am,gps,1.30390054,103.77363542,59.0,53.0,-1.0,0.0
2017-03-21-11-51-19am,1490068279555,1490068547000,2017-03-21-11-55-47am,gps,1.30392741,103.77369122,38.0,31.0,-1.0,0.0
2017-03-21-11-51-29am,1490068289590,1490068557000,2017-03-21-11-55-57am,gps,1.30410071,103.77375721,50.0,31.0,354.7,0.32
2017-03-21-11-51-39am,1490068299559,1490068567000,2017-03-21-11-56-07am,gps,1.30435382,103.77371619,53.0,27.0,350.2,2.67
2017-03-21-11-51-52am,1490068312471,1490068312268,2017-03-21-11-51-52am,network,1.3057161,103.7739958,500.0,-1.0,-1.0,-1.0
2017-03-21-11-52-12am,1490068332488,1490068332317,2017-03-21-11-52-12am,network,1.3048361,103.774358,400.0,-1.0,-1.0,-1.0
2017-03-21-11-52-31am,1490068351574,1490068619000,2017-03-21-11-56-59am,gps,1.30514993,103.77395391,157.0,51.0,-1.0,-1.0
2017-03-21-11-52-45am,1490068365556,1490068633000,2017-03-21-11-57-13am,gps,1.30500823,103.77318117,102.0,61.0,275.8,0.57
2017-03-21-11-52-52am,1490068372539,1490068372333,2017-03-21-11-52-52am,network,1.3036755,103.7725473,600.0,-1.0,-1.0,-1.0
2017-03-21-11-53-12am,1490068392528,1490068392347,2017-03-21-11-53-12am,network,1.3057161,103.7739958,500.0,-1.0,-1.0,-1.0
2017-03-21-11-53-28am,1490068408612,1490068676000,2017-03-21-11-57-56am,gps,1.30559106,103.77348307,52.0,32.0,332.0,1.16
2017-03-21-11-53-47am,1490068427590,1490068695000,2017-03-21-11-58-15am,gps,1.30567837,103.7732596,45.0,26.0,353.9,3.25
2017-03-21-11-53-52am,1490068432638,1490068432415,2017-03-21-11-53-52am,network,1.3057161,103.7739958,500.0,-1.0,-1.0,-1.0
2017-03-21-11-54-07am,1490068447603,1490068715000,2017-03-21-11-58-35am,gps,1.30584019,103.77342416,26.0,34.0,357.9,0.99
2017-03-21-11-54-12am,1490068452641,1490068452425,2017-03-21-11-54-12am,network,1.3057161,103.7739958,500.0,-1.0,-1.0,-1.0
2017-03-21-11-54-27am,1490068467570,1490068735000,2017-03-21-11-58-55am,gps,1.30593014,103.7733804,15.0,31.0,-1.0,0.0
2017-03-21-11-54-32am,1490068472632,1490068472430,2017-03-21-11-54-32am,network,1.3057161,103.7739958,500.0,-1.0,-1.0,-1.0
2017-03-21-11-54-52am,1490068492727,1490068492501,2017-03-21-11-54-52am,network,1.3054275,103.7732716,100.0,-1.0,-1.0,-1.0
2017-03-21-11-55-00am,1490068500578,1490068768000,2017-03-21-11-59-28am,gps,1.30609889,103.77333125,133.0,68.0,-1.0,0.0
2017-03-21-11-55-12am,1490068512582,1490068512509,2017-03-21-11-55-12am,network,1.3036755,103.7725473,600.0,-1.0,-1.0,-1.0
2017-03-21-11-55-26am,1490068526544,1490068794000,2017-03-21-11-59-54am,gps,1.30603568,103.77329447,66.0,59.0,-1.0,0.0
2017-03-21-11-55-32am,1490068532704,1490068532524,2017-03-21-11-55-32am,network,1.3036694,103.7736337,699.999,-1.0,-1.0,-1.0
2017-03-21-11-55-51am,1490068551570,1490068819000,2017-03-21-12-00-19pm,gps,1.30593257,103.77324713,46.0,39.0,-1.0,0.0
2017-03-21-11-56-03am,1490068563584,1490068831000,2017-03-21-12-00-31pm,gps,1.30583439,103.77319762,28.0,20.0,-1.0,0.0
2017-03-21-11-56-12am,1490068572859,1490068572693,2017-03-21-11-56-12am,network,1.3030982,103.7710987,1100.0,-1.0,-1.0,-1.0
2017-03-21-11-56-24am,1490068584596,1490068852000,2017-03-21-12-00-52pm,gps,1.30533657,103.77343964,26.0,13.0,-1.0,0.0
2017-03-21-11-56-32am,1490068592829,1490068592701,2017-03-21-11-56-32am,network,1.3057161,103.7739958,500.0,-1.0,-1.0,-1.0
2017-03-21-11-56-43am,1490068603602,1490068871000,2017-03-21-12-01-11pm,gps,1.30533241,103.7734129,26.0,21.0,-1.0,0.0
2017-03-21-11-56-52am,1490068612864,1490068612722,2017-03-21-11-56-52am,network,1.3057161,103.7739958,500.0,-1.0,-1.0,-1.0
2017-03-21-11-57-04am,1490068624569,1490068892000,2017-03-21-12-01-32pm,gps,1.30534715,103.7733921,28.0,21.0,-1.0,0.0
2017-03-21-11-57-12am,1490068632915,1490068632726,2017-03-21-11-57-12am,network,1.3057161,103.7739958,500.0,-1.0,-1.0,-1.0
2017-03-21-11-57-24am,1490068644574,1490068912000,2017-03-21-12-01-52pm,gps,1.30534141,103.77341207,40.0,25.0,-1.0,0.0
2017-03-21-11-57-34am,1490068654557,1490068922000,2017-03-21-12-02-02pm,gps,1.3053395,103.77341644,39.0,23.0,-1.0,0.0
2017-03-21-11-57-44am,1490068664575,1490068932000,2017-03-21-12-02-12pm,gps,1.30533613,103.77342296,57.0,23.0,-1.0,0.0
2017-03-21-11-57-54am,1490068674592,1490068942000,2017-03-21-12-02-22pm,gps,1.30533205,103.77342652,59.0,22.0,-1.0,0.0
2017-03-21-11-58-04am,1490068684579,1490068952000,2017-03-21-12-02-32pm,gps,1.30532893,103.7734411,52.0,19.0,-1.0,0.0
2017-03-21-11-58-15am,1490068695579,1490068963000,2017-03-21-12-02-43pm,gps,1.30533299,103.77343312,56.0,20.0,-1.0,0.0
2017-03-21-11-58-34am,1490068714566,1490068982000,2017-03-21-12-03-02pm,gps,1.3053414,103.77345324,47.0,20.0,-1.0,0.0
2017-03-21-11-58-44am,1490068724571,1490068992000,2017-03-21-12-03-12pm,gps,1.30533645,103.77345906,36.0,19.0,-1.0,0.0
2017-03-21-11-58-54am,1490068734578,1490069002000,2017-03-21-12-03-22pm,gps,1.3053352,103.77346302,59.0,19.0,-1.0,0.0
2017-03-21-11-59-05am,1490068745576,1490069013000,2017-03-21-12-03-33pm,gps,1.30533567,103.77346419,54.0,20.0,-1.0,0.0
2017-03-21-11-59-24am,1490068764565,1490069032000,2017-03-21-12-03-52pm,gps,1.30533476,103.77346063,36.0,18.0,-1.0,0.0
2017-03-21-11-59-35am,1490068775594,1490069043000,2017-03-21-12-04-03pm,gps,1.30533216,103.77346481,55.0,18.0,-1.0,0.0
2017-03-21-11-59-45am,1490068785597,1490069053000,2017-03-21-12-04-13pm,gps,1.30532969,103.77346557,56.0,17.0,-1.0,0.0
2017-03-21-12-00-04pm,1490068804577,1490069072000,2017-03-21-12-04-32pm,gps,1.30532992,103.77346366,53.0,17.0,-1.0,0.0
2017-03-21-12-00-14pm,1490068814602,1490069082000,2017-03-21-12-04-42pm,gps,1.30532787,103.77347158,46.0,16.0,-1.0,0.0
2017-03-21-12-00-25pm,1490068825575,1490069093000,2017-03-21-12-04-53pm,gps,1.30532547,103.77347754,49.0,16.0,-1.0,0.0
2017-03-21-12-00-44pm,1490068844610,1490069112000,2017-03-21-12-05-12pm,gps,1.30533399,103.77347891,37.0,15.0,-1.0,0.0
2017-03-21-12-00-53pm,1490068853252,1490068853034,2017-03-21-12-00-53pm,network,1.3057161,103.7739958,500.0,-1.0,-1.0,-1.0
2017-03-21-12-01-13pm,1490068873224,1490068873034,2017-03-21-12-01-13pm,network,1.3057161,103.7739958,500.0,-1.0,-1.0,-1.0
2017-03-21-12-01-33pm,1490068893219,1490068893052,2017-03-21-12-01-33pm,network,1.3057161,103.7739958,500.0,-1.0,-1.0,-1.0
2017-03-21-12-01-44pm,1490068904570,1490069172000,2017-03-21-12-06-12pm,gps,1.30533684,103.77348531,25.0,13.0,-1.0,0.0
2017-03-21-12-01-53pm,1490068913380,1490068913098,2017-03-21-12-01-53pm,network,1.3057161,103.7739958,500.0,-1.0,-1.0,-1.0
2017-03-21-12-02-04pm,1490068924569,1490069192000,2017-03-21-12-06-32pm,gps,1.30533146,103.77348541,26.0,13.0,-1.0,0.0
2017-03-21-12-02-13pm,1490068933350,1490068933127,2017-03-21-12-02-13pm,network,1.3057161,103.7739958,500.0,-1.0,-1.0,-1.0
2017-03-21-12-02-33pm,1490068953281,1490068953138,2017-03-21-12-02-33pm,network,1.3057161,103.7739958,500.0,-1.0,-1.0,-1.0
2017-03-21-12-02-44pm,1490068964581,1490069232000,2017-03-21-12-07-12pm,gps,1.305334,103.77348773,22.0,14.0,-1.0,0.0
2017-03-21-12-02-53pm,1490068973422,1490068973294,2017-03-21-12-02-53pm,network,1.3057161,103.7739958,500.0,-1.0,-1.0,-1.0
2017-03-21-12-03-13pm,1490068993518,1490068993304,2017-03-21-12-03-13pm,network,1.3057161,103.7739958,500.0,-1.0,-1.0,-1.0
2017-03-21-12-03-23pm,1490069003565,1490069271000,2017-03-21-12-07-51pm,gps,1.30533735,103.77348812,15.0,14.0,-1.0,0.0
2017-03-21-12-03-33pm,1490069013531,1490069013305,2017-03-21-12-03-33pm,network,1.3057161,103.7739958,500.0,-1.0,-1.0,-1.0
2017-03-21-12-03-44pm,1490069024588,1490069292000,2017-03-21-12-08-12pm,gps,1.30534072,103.77348599,24.0,14.0,-1.0,0.0
2017-03-21-12-03-53pm,1490069033507,1490069033360,2017-03-21-12-03-53pm,network,1.3057161,103.7739958,500.0,-1.0,-1.0,-1.0
2017-03-21-12-04-04pm,1490069044571,1490069312000,2017-03-21-12-08-32pm,gps,1.30534218,103.77349006,25.0,13.0,-1.0,0.0
2017-03-21-12-04-13pm,1490069053544,1490069053370,2017-03-21-12-04-13pm,network,1.3057161,103.7739958,500.0,-1.0,-1.0,-1.0
2017-03-21-12-04-24pm,1490069064628,1490069332000,2017-03-21-12-08-52pm,gps,1.3053427,103.77348997,27.0,14.0,-1.0,0.0
2017-03-21-12-04-33pm,1490069073552,1490069073384,2017-03-21-12-04-33pm,network,1.3057161,103.7739958,500.0,-1.0,-1.0,-1.0
2017-03-21-12-04-44pm,1490069084555,1490069352000,2017-03-21-12-09-12pm,gps,1.30533805,103.77349057,30.0,13.0,-1.0,0.0
2017-03-21-12-04-53pm,1490069093598,1490069093437,2017-03-21-12-04-53pm,network,1.3057161,103.7739958,500.0,-1.0,-1.0,-1.0
2017-03-21-12-05-04pm,1490069104575,1490069372000,2017-03-21-12-09-32pm,gps,1.30533764,103.77349068,32.0,13.0,-1.0,0.0
2017-03-21-12-05-13pm,1490069113640,1490069113441,2017-03-21-12-05-13pm,network,1.3057161,103.7739958,500.0,-1.0,-1.0,-1.0
2017-03-21-12-05-24pm,1490069124563,1490069392000,2017-03-21-12-09-52pm,gps,1.30533654,103.77348486,34.0,14.0,-1.0,0.0
2017-03-21-12-05-33pm,1490069133663,1490069133466,2017-03-21-12-05-33pm,network,1.3057161,103.7739958,500.0,-1.0,-1.0,-1.0
2017-03-21-12-05-44pm,1490069144586,1490069412000,2017-03-21-12-10-12pm,gps,1.30533821,103.77348684,39.0,13.0,-1.0,0.0
2017-03-21-12-05-54pm,1490069154647,1490069422000,2017-03-21-12-10-22pm,gps,1.30533826,103.77348787,26.0,13.0,-1.0,0.0
2017-03-21-12-06-04pm,1490069164573,1490069432000,2017-03-21-12-10-32pm,gps,1.3053381,103.77348798,50.0,13.0,-1.0,0.0
2017-03-21-12-06-13pm,1490069173587,1490069173505,2017-03-21-12-06-13pm,network,1.3057161,103.7739958,500.0,-1.0,-1.0,-1.0
2017-03-21-12-06-24pm,1490069184582,1490069452000,2017-03-21-12-10-52pm,gps,1.30533986,103.77348678,30.0,14.0,-1.0,0.0
2017-03-21-12-06-34pm,1490069194559,1490069462000,2017-03-21-12-11-02pm,gps,1.30534001,103.77348707,42.0,13.0,-1.0,0.0
2017-03-21-12-06-44pm,1490069204577,1490069472000,2017-03-21-12-11-12pm,gps,1.30533978,103.77348715,37.0,12.0,-1.0,0.0
2017-03-21-12-06-53pm,1490069213726,1490069211212,2017-03-21-12-06-51pm,network,1.2914398,103.7747465,104.1,-1.0,-1.0,-1.0
2017-03-21-12-07-04pm,1490069224585,1490069492000,2017-03-21-12-11-32pm,gps,1.30534022,103.77348759,51.0,13.0,-1.0,0.0
2017-03-21-12-07-14pm,1490069234575,1490069502000,2017-03-21-12-11-42pm,gps,1.30534001,103.77348922,49.0,13.0,-1.0,0.0
2017-03-21-12-07-24pm,1490069244589,1490069512000,2017-03-21-12-11-52pm,gps,1.30534044,103.77348942,27.0,13.0,-1.0,0.0
2017-03-21-12-07-33pm,1490069253828,1490069253723,2017-03-21-12-07-33pm,network,1.3051348,103.7732716,100.0,-1.0,-1.0,-1.0
2017-03-21-12-07-44pm,1490069264546,1490069532000,2017-03-21-12-12-12pm,gps,1.30534452,103.77348305,24.0,14.0,-1.0,0.0
2017-03-21-12-07-53pm,1490069273886,1490069273738,2017-03-21-12-07-53pm,network,1.3057161,103.7739958,500.0,-1.0,-1.0,-1.0
2017-03-21-12-08-04pm,1490069284547,1490069552000,2017-03-21-12-12-32pm,gps,1.30534612,103.77347917,26.0,14.0,-1.0,0.0
2017-03-21-12-08-14pm,1490069294556,1490069562000,2017-03-21-12-12-42pm,gps,1.30534502,103.77348058,22.0,14.0,-1.0,0.0
2017-03-21-12-08-24pm,1490069304605,1490069572000,2017-03-21-12-12-52pm,gps,1.30534578,103.77347582,25.0,14.0,-1.0,0.0
2017-03-21-12-08-34pm,1490069314582,1490069582000,2017-03-21-12-13-02pm,gps,1.30529628,103.77338471,24.0,20.0,243.5,4.34
2017-03-21-12-08-54pm,1490069334582,1490069602000,2017-03-21-12-13-22pm,gps,1.30531751,103.77297108,26.0,30.0,282.1,1.4
2017-03-21-12-09-14pm,1490069354601,1490069622000,2017-03-21-12-13-42pm,gps,1.30538037,103.7727375,19.0,25.0,261.0,1.01
2017-03-21-12-09-34pm,1490069374612,1490069642000,2017-03-21-12-14-02pm,gps,1.30519464,103.77267694,17.0,39.0,205.8,0.76
2017-03-21-12-09-54pm,1490069394585,1490069662000,2017-03-21-12-14-22pm,gps,1.3050619,103.77266805,26.0,49.0,176.6,0.87
2017-03-21-12-10-04pm,1490069404562,1490069672000,2017-03-21-12-14-32pm,gps,1.30494308,103.77269592,21.0,49.0,129.2,1.38
2017-03-21-12-10-15pm,1490069415560,1490069683000,2017-03-21-12-14-43pm,gps,1.30479263,103.77280807,74.0,33.0,109.8,1.14
2017-03-21-12-10-26pm,1490069426550,1490069694000,2017-03-21-12-14-54pm,gps,1.30484852,103.77258461,87.0,33.0,217.6,1.03
2017-03-21-12-10-37pm,1490069437994,1490069437829,2017-03-21-12-10-37pm,network,1.3036694,103.7736337,699.999,-1.0,-1.0,-1.0
2017-03-21-12-10-57pm,1490069457909,1490069457834,2017-03-21-12-10-57pm,network,1.3036694,103.7736337,699.999,-1.0,-1.0,-1.0
2017-03-21-12-11-17pm,1490069477948,1490069477849,2017-03-21-12-11-17pm,network,1.3036694,103.7736337,699.999,-1.0,-1.0,-1.0
2017-03-21-12-11-37pm,1490069497982,1490069497869,2017-03-21-12-11-37pm,network,1.3036694,103.7736337,699.999,-1.0,-1.0,-1.0
2017-03-21-12-11-57pm,1490069517968,1490069517885,2017-03-21-12-11-57pm,network,1.3036694,103.7736337,699.999,-1.0,-1.0,-1.0
2017-03-21-12-12-17pm,1490069537988,1490069537905,2017-03-21-12-12-17pm,network,1.3036694,103.7736337,699.999,-1.0,-1.0,-1.0
2017-03-21-12-13-19pm,1490069599979,1490069599751,2017-03-21-12-13-19pm,network,1.3051328,103.7736337,899.999,-1.0,-1.0,-1.0
2017-03-21-12-13-39pm,1490069619982,1490069619771,2017-03-21-12-13-39pm,network,1.3051328,103.7736337,899.999,-1.0,-1.0,-1.0
2017-03-21-12-13-59pm,1490069639991,1490069639816,2017-03-21-12-13-59pm,network,1.3051328,103.7736337,899.999,-1.0,-1.0,-1.0
2017-03-21-12-14-20pm,1490069660038,1490069659836,2017-03-21-12-14-19pm,network,1.3051328,103.7736337,899.999,-1.0,-1.0,-1.0
2017-03-21-12-14-40pm,1490069680015,1490069679842,2017-03-21-12-14-39pm,network,1.3051328,103.7736337,899.999,-1.0,-1.0,-1.0
2017-03-21-12-15-00pm,1490069700115,1490069699872,2017-03-21-12-14-59pm,network,1.3051328,103.7736337,899.999,-1.0,-1.0,-1.0
2017-03-21-12-15-20pm,1490069720060,1490069719881,2017-03-21-12-15-19pm,network,1.3051328,103.7736337,899.999,-1.0,-1.0,-1.0
2017-03-21-12-15-40pm,1490069740847,1490069731638,2017-03-21-12-15-31pm,network,1.3045137,103.7731358,22.058,-1.0,-1.0,-1.0
2017-03-21-12-16-00pm,1490069760254,1490069751649,2017-03-21-12-15-51pm,network,1.3045142,103.7730453,21.991,-1.0,-1.0,-1.0
2017-03-21-12-16-21pm,1490069781892,1490069781699,2017-03-21-12-16-21pm,network,1.3045137,103.7731358,22.038,-1.0,-1.0,-1.0
2017-03-21-12-16-41pm,1490069801902,1490069801703,2017-03-21-12-16-41pm,network,1.3045137,103.7731358,22.066,-1.0,-1.0,-1.0
2017-03-21-12-17-01pm,1490069821815,1490069821714,2017-03-21-12-17-01pm,network,1.3045137,103.7731358,24.003,-1.0,-1.0,-1.0
2017-03-21-12-17-21pm,1490069841929,1490069831739,2017-03-21-12-17-11pm,network,1.3045142,103.7730453,22.104,-1.0,-1.0,-1.0
2017-03-21-12-17-41pm,1490069861945,1490069851766,2017-03-21-12-17-31pm,network,1.3045142,103.7730453,21.982,-1.0,-1.0,-1.0
2017-03-21-12-18-02pm,1490069882019,1490069881812,2017-03-21-12-18-01pm,network,1.3045879,103.7729547,22.072,-1.0,-1.0,-1.0
2017-03-21-12-18-22pm,1490069902062,1490069891879,2017-03-21-12-18-11pm,network,1.304662,103.7727737,22.011,-1.0,-1.0,-1.0
2017-03-21-12-18-42pm,1490069922018,1490069911900,2017-03-21-12-18-31pm,network,1.3047357,103.7726831,21.863,-1.0,-1.0,-1.0
2017-03-21-12-19-02pm,1490069942054,1490069931944,2017-03-21-12-18-51pm,network,1.3047357,103.7726831,21.901,-1.0,-1.0,-1.0
2017-03-21-12-19-22pm,1490069962032,1490069951990,2017-03-21-12-19-11pm,network,1.3047357,103.7726831,21.874,-1.0,-1.0,-1.0
2017-03-21-12-19-42pm,1490069982088,1490069971965,2017-03-21-12-19-31pm,network,1.3047357,103.7726831,21.929,-1.0,-1.0,-1.0
2017-03-21-12-20-02pm,1490070002246,1490069991988,2017-03-21-12-19-51pm,network,1.3047357,103.7726831,21.891,-1.0,-1.0,-1.0
2017-03-21-12-20-22pm,1490070022258,1490070022030,2017-03-21-12-20-22pm,network,1.3047357,103.7726831,21.935,-1.0,-1.0,-1.0
2017-03-21-12-20-42pm,1490070042238,1490070042045,2017-03-21-12-20-42pm,network,1.3047357,103.7726831,21.874,-1.0,-1.0,-1.0
2017-03-21-12-21-02pm,1490070062302,1490070062085,2017-03-21-12-21-02pm,network,1.3047357,103.7726831,21.823,-1.0,-1.0,-1.0
2017-03-21-12-21-22pm,1490070082315,1490070072117,2017-03-21-12-21-12pm,network,1.3047357,103.7726831,21.886,-1.0,-1.0,-1.0
2017-03-21-12-21-42pm,1490070102302,1490070092176,2017-03-21-12-21-32pm,network,1.3047357,103.7726831,21.805,-1.0,-1.0,-1.0
2017-03-21-12-22-02pm,1490070122340,1490070112152,2017-03-21-12-21-52pm,network,1.3047357,103.7726831,21.802,-1.0,-1.0,-1.0
2017-03-21-12-22-22pm,1490070142353,1490070132204,2017-03-21-12-22-12pm,network,1.3047357,103.7726831,21.88,-1.0,-1.0,-1.0
2017-03-21-12-22-42pm,1490070162378,1490070152212,2017-03-21-12-22-32pm,network,1.3047357,103.7726831,21.883,-1.0,-1.0,-1.0
2017-03-21-12-23-02pm,1490070182444,1490070172210,2017-03-21-12-22-52pm,network,1.3047357,103.7726831,21.805,-1.0,-1.0,-1.0
2017-03-21-12-23-22pm,1490070202465,1490070202252,2017-03-21-12-23-22pm,network,1.3047357,103.7726831,21.92,-1.0,-1.0,-1.0
2017-03-21-12-23-42pm,1490070222467,1490070222273,2017-03-21-12-23-42pm,network,1.3047357,103.7726831,21.896,-1.0,-1.0,-1.0
2017-03-21-12-24-02pm,1490070242461,1490070242303,2017-03-21-12-24-02pm,network,1.3047357,103.7726831,21.846,-1.0,-1.0,-1.0
2017-03-21-12-24-22pm,1490070262499,1490070252297,2017-03-21-12-24-12pm,network,1.3047357,103.7726831,21.841,-1.0,-1.0,-1.0
2017-03-21-12-24-42pm,1490070282510,1490070272359,2017-03-21-12-24-32pm,network,1.3047357,103.7726831,21.762,-1.0,-1.0,-1.0
2017-03-21-12-25-02pm,1490070302734,1490070302400,2017-03-21-12-25-02pm,network,1.3047357,103.7726831,21.892,-1.0,-1.0,-1.0
2017-03-21-12-25-22pm,1490070322604,1490070312385,2017-03-21-12-25-12pm,network,1.3047357,103.7726831,21.903,-1.0,-1.0,-1.0
2017-03-21-12-25-42pm,1490070342607,1490070342430,2017-03-21-12-25-42pm,network,1.3047357,103.7726831,21.902,-1.0,-1.0,-1.0
2017-03-21-12-26-02pm,1490070362733,1490070362439,2017-03-21-12-26-02pm,network,1.3047357,103.7726831,21.927,-1.0,-1.0,-1.0
2017-03-21-12-26-22pm,1490070382633,1490070372471,2017-03-21-12-26-12pm,network,1.3047357,103.7726831,21.916,-1.0,-1.0,-1.0
2017-03-21-12-26-42pm,1490070402570,1490070402479,2017-03-21-12-26-42pm,network,1.3047357,103.7726831,21.934,-1.0,-1.0,-1.0
2017-03-21-12-27-02pm,1490070422788,1490070422479,2017-03-21-12-27-02pm,network,1.3047357,103.7726831,21.891,-1.0,-1.0,-1.0
2017-03-21-12-27-22pm,1490070442693,1490070432508,2017-03-21-12-27-12pm,network,1.3047357,103.7726831,21.897,-1.0,-1.0,-1.0
2017-03-21-12-27-42pm,1490070462726,1490070452518,2017-03-21-12-27-32pm,network,1.3047357,103.7726831,21.868,-1.0,-1.0,-1.0
2017-03-21-12-28-03pm,1490070483248,1490070482530,2017-03-21-12-28-02pm,network,1.3047357,103.7726831,21.897,-1.0,-1.0,-1.0
2017-03-21-12-28-23pm,1490070503048,1490070502547,2017-03-21-12-28-22pm,network,1.3047357,103.7726831,21.887,-1.0,-1.0,-1.0
2017-03-21-12-28-43pm,1490070523284,1490070522668,2017-03-21-12-28-42pm,network,1.3047357,103.7726831,21.903,-1.0,-1.0,-1.0
2017-03-21-12-29-03pm,1490070543437,1490070542694,2017-03-21-12-29-02pm,network,1.3047357,103.7726831,21.872,-1.0,-1.0,-1.0
2017-03-21-12-29-23pm,1490070563565,1490070562742,2017-03-21-12-29-22pm,network,1.3047357,103.7726831,21.855,-1.0,-1.0,-1.0
2017-03-21-12-29-43pm,1490070583453,1490070582931,2017-03-21-12-29-42pm,network,1.3047357,103.7726831,21.919,-1.0,-1.0,-1.0
2017-03-21-12-30-03pm,1490070603787,1490070602866,2017-03-21-12-30-02pm,network,1.3047357,103.7726831,21.871,-1.0,-1.0,-1.0
2017-03-21-12-30-23pm,1490070623759,1490070622905,2017-03-21-12-30-22pm,network,1.3047357,103.7726831,21.824,-1.0,-1.0,-1.0
2017-03-21-12-30-43pm,1490070643729,1490070642909,2017-03-21-12-30-42pm,network,1.3047357,103.7726831,21.91,-1.0,-1.0,-1.0
2017-03-21-12-31-03pm,1490070663886,1490070662978,2017-03-21-12-31-02pm,network,1.3047357,103.7726831,21.903,-1.0,-1.0,-1.0
2017-03-21-12-31-23pm,1490070683877,1490070682982,2017-03-21-12-31-22pm,network,1.3047357,103.7726831,21.859,-1.0,-1.0,-1.0
2017-03-21-12-31-43pm,1490070703886,1490070703039,2017-03-21-12-31-43pm,network,1.3047357,103.7726831,21.858,-1.0,-1.0,-1.0
2017-03-21-12-32-03pm,1490070723964,1490070723122,2017-03-21-12-32-03pm,network,1.3047357,103.7726831,21.825,-1.0,-1.0,-1.0
2017-03-21-12-32-24pm,1490070744140,1490070743088,2017-03-21-12-32-23pm,network,1.3047357,103.7726831,21.82,-1.0,-1.0,-1.0
2017-03-21-12-32-43pm,1490070763902,1490070763102,2017-03-21-12-32-43pm,network,1.3047357,103.7726831,21.943,-1.0,-1.0,-1.0
2017-03-21-12-33-03pm,1490070783995,1490070783109,2017-03-21-12-33-03pm,network,1.3047357,103.7726831,21.902,-1.0,-1.0,-1.0
2017-03-21-12-33-24pm,1490070804039,1490070803154,2017-03-21-12-33-23pm,network,1.3047357,103.7726831,21.912,-1.0,-1.0,-1.0
2017-03-21-12-33-44pm,1490070824054,1490070823125,2017-03-21-12-33-43pm,network,1.3047357,103.7726831,21.94,-1.0,-1.0,-1.0
2017-03-21-12-34-04pm,1490070844105,1490070843180,2017-03-21-12-34-03pm,network,1.3047357,103.7726831,21.97,-1.0,-1.0,-1.0
2017-03-21-12-34-24pm,1490070864157,1490070863233,2017-03-21-12-34-23pm,network,1.3047357,103.7726831,21.913,-1.0,-1.0,-1.0
2017-03-21-12-34-44pm,1490070884139,1490070883176,2017-03-21-12-34-43pm,network,1.3047357,103.7726831,21.915,-1.0,-1.0,-1.0
