2017-03-21-10-16-32AM,1490062592744,1490062591620,2017-03-21-10-16-31AM,network,1.2935298,103.7749465,24.784,-1.0,-1.0,-1.0
2017-03-21-10-16-48AM,1490062608586,1490062604788,2017-03-21-10-16-44AM,network,1.2935293,103.7750371,22.128,-1.0,-1.0,-1.0
2017-03-21-10-17-01AM,1490062621683,1490062620768,2017-03-21-10-17-00AM,gps,1.29339884,103.77505655,21.0,44.0,147.9,1.5
2017-03-21-10-17-08AM,1490062628559,1490062617985,2017-03-21-10-16-57AM,network,1.293492,103.7751729,26.174,-1.0,-1.0,-1.0
2017-03-21-10-17-21AM,1490062641595,1490062640768,2017-03-21-10-17-20AM,gps,1.29357468,103.77525594,20.0,48.0,124.5,0.75
2017-03-21-10-17-29AM,1490062649347,1490062644147,2017-03-21-10-17-24AM,network,1.293382,103.7752181,22.698,-1.0,-1.0,-1.0
2017-03-21-10-17-41AM,1490062661815,1490062661000,2017-03-21-10-17-41AM,gps,1.29356735,103.77526288,26.0,31.0,-1.0,0.0
2017-03-21-10-17-49AM,1490062669399,1490062657129,2017-03-21-10-17-37AM,network,1.2933457,103.7751729,21.945,-1.0,-1.0,-1.0
2017-03-21-10-18-02AM,1490062682574,1490062681000,2017-03-21-10-18-01AM,gps,1.29352649,103.77524953,25.0,30.0,-1.0,0.0
2017-03-21-10-18-09AM,1490062689397,1490062683225,2017-03-21-10-18-03AM,network,1.2934562,103.7750371,23.758,-1.0,-1.0,-1.0
2017-03-21-10-18-22AM,1490062702890,1490062702000,2017-03-21-10-18-22AM,gps,1.29354664,103.77526439,18.0,28.0,-1.0,0.0
2017-03-21-10-18-29AM,1490062709411,1490062696215,2017-03-21-10-18-16AM,network,1.2935288,103.7751276,25.18,-1.0,-1.0,-1.0
2017-03-21-10-18-42AM,1490062722799,1490062722000,2017-03-21-10-18-42AM,gps,1.29353463,103.77525392,19.0,26.0,-1.0,0.0
2017-03-21-10-18-49AM,1490062729377,1490062722571,2017-03-21-10-18-42AM,network,1.2933825,103.7751276,24.712,-1.0,-1.0,-1.0
2017-03-21-10-19-03AM,1490062743575,1490062742770,2017-03-21-10-19-02AM,gps,1.2934235,103.77519931,20.0,22.0,257.3,0.5
2017-03-21-10-19-09AM,1490062749471,1490062748560,2017-03-21-10-19-08AM,network,1.2934557,103.7751276,25.928,-1.0,-1.0,-1.0
2017-03-21-10-19-23AM,1490062763807,1490062763000,2017-03-21-10-19-23AM,gps,1.29353852,103.77522833,25.0,30.0,-1.0,0.0
2017-03-21-10-19-31AM,1490062771853,1490062761567,2017-03-21-10-19-21AM,network,1.2934193,103.7750823,25.272,-1.0,-1.0,-1.0
2017-03-21-10-19-43AM,1490062783801,1490062783000,2017-03-21-10-19-43AM,gps,1.29355118,103.77522631,29.0,32.0,-1.0,0.0
2017-03-21-10-19-52AM,1490062792922,1490062787641,2017-03-21-10-19-47AM,network,1.2935298,103.7749465,22.758,-1.0,-1.0,-1.0
2017-03-21-10-20-12AM,1490062812848,1490062800649,2017-03-21-10-20-00AM,network,1.2935288,103.7751276,22.107,-1.0,-1.0,-1.0
2017-03-21-10-20-23AM,1490062823802,1490062823000,2017-03-21-10-20-23AM,gps,1.2936607,103.77532897,41.0,47.0,-1.0,0.0
2017-03-21-10-20-33AM,1490062833285,1490062826612,2017-03-21-10-20-26AM,network,1.293604,103.7747655,28.056,-1.0,-1.0,-1.0
2017-03-21-10-20-44AM,1490062844827,1490062844000,2017-03-21-10-20-44AM,gps,1.29362116,103.77535847,42.0,37.0,-1.0,0.0
2017-03-21-10-20-53AM,1490062853372,1490062852618,2017-03-21-10-20-52AM,network,1.2935303,103.774856,23.602,-1.0,-1.0,-1.0
2017-03-21-10-21-02AM,1490062862980,1490062862000,2017-03-21-10-21-02AM,gps,1.29350658,103.77523508,23.0,32.0,-1.0,0.0
2017-03-21-10-21-13AM,1490062873255,1490062865658,2017-03-21-10-21-05AM,network,1.293493,103.7749918,21.954,-1.0,-1.0,-1.0
2017-03-21-10-21-23AM,1490062883806,1490062883000,2017-03-21-10-21-23AM,gps,1.2934642,103.77519241,31.0,27.0,-1.0,0.0
2017-03-21-10-21-34AM,1490062894837,1490062894000,2017-03-21-10-21-34AM,gps,1.29343797,103.77520143,27.0,22.0,-1.0,0.0
2017-03-21-10-21-53AM,1490062913371,1490062908220,2017-03-21-10-21-48AM,network,1.2935288,103.7751276,27.208,-1.0,-1.0,-1.0
2017-03-21-10-22-04AM,1490062924795,1490062924000,2017-03-21-10-22-04AM,gps,1.29344371,103.77519545,32.0,23.0,-1.0,0.0
2017-03-21-10-22-13AM,1490062933400,1490062928952,2017-03-21-10-22-08AM,network,1.2933509,103.7752157,60.0,-1.0,-1.0,-1.0
2017-03-21-10-22-25AM,1490062945073,1490062944000,2017-03-21-10-22-24AM,gps,1.2934337,103.77520186,31.0,19.0,-1.0,0.0
2017-03-21-10-22-33AM,1490062953358,1490062949868,2017-03-21-10-22-29AM,network,1.2933509,103.7752157,60.0,-1.0,-1.0,-1.0
2017-03-21-10-22-45AM,1490062965791,1490062965000,2017-03-21-10-22-45AM,gps,1.29344942,103.77522385,26.0,20.0,-1.0,0.0
2017-03-21-10-22-55AM,1490062975081,1490062970776,2017-03-21-10-22-50AM,network,1.2933509,103.7752157,60.0,-1.0,-1.0,-1.0
2017-03-21-10-23-05AM,1490062985797,1490062985000,2017-03-21-10-23-05AM,gps,1.29345822,103.77522579,20.0,20.0,-1.0,0.0
2017-03-21-10-23-15AM,1490062995102,1490062991645,2017-03-21-10-23-11AM,network,1.2933509,103.7752157,60.0,-1.0,-1.0,-1.0
2017-03-21-10-23-26AM,1490063006796,1490063006000,2017-03-21-10-23-26AM,gps,1.29345101,103.77521516,31.0,20.0,-1.0,0.0
2017-03-21-10-23-35AM,1490063015112,1490063012622,2017-03-21-10-23-32AM,network,1.2933509,103.7752157,60.0,-1.0,-1.0,-1.0
2017-03-21-10-23-46AM,1490063026796,1490063026000,2017-03-21-10-23-46AM,gps,1.29343018,103.77520329,26.0,19.0,-1.0,0.0
2017-03-21-10-23-55AM,1490063035156,1490063033420,2017-03-21-10-23-53AM,network,1.2933509,103.7752157,60.0,-1.0,-1.0,-1.0
2017-03-21-10-24-06AM,1490063046794,1490063046000,2017-03-21-10-24-06AM,gps,1.29343032,103.77520709,26.0,19.0,-1.0,0.0
2017-03-21-10-24-15AM,1490063055182,1490063054568,2017-03-21-10-24-14AM,network,1.2933509,103.7752157,60.0,-1.0,-1.0,-1.0
2017-03-21-10-24-35AM,1490063075215,1490063064732,2017-03-21-10-24-24AM,network,1.2933509,103.7752157,77.6,-1.0,-1.0,-1.0
2017-03-21-10-24-47AM,1490063087815,1490063087000,2017-03-21-10-24-47AM,gps,1.2934272,103.7752016,10.0,19.0,-1.0,0.0
2017-03-21-10-24-55AM,1490063095183,1490063085588,2017-03-21-10-24-45AM,network,1.2933509,103.7752157,77.6,-1.0,-1.0,-1.0
2017-03-21-10-25-08AM,1490063108790,1490063108000,2017-03-21-10-25-08AM,gps,1.29343699,103.77520633,20.0,21.0,-1.0,0.0
2017-03-21-10-25-15AM,1490063115256,1490063106811,2017-03-21-10-25-06AM,network,1.2933509,103.7752157,77.6,-1.0,-1.0,-1.0
2017-03-21-10-25-27AM,1490063127828,1490063127000,2017-03-21-10-25-27AM,gps,1.29342654,103.77520358,27.0,20.0,-1.0,0.0
2017-03-21-10-25-35AM,1490063135182,1490063127358,2017-03-21-10-25-27AM,network,1.2933509,103.7752157,77.6,-1.0,-1.0,-1.0
2017-03-21-10-25-48AM,1490063148787,1490063148000,2017-03-21-10-25-48AM,gps,1.29342862,103.77520503,16.0,21.0,-1.0,0.0
2017-03-21-10-25-56AM,1490063156671,1490063148291,2017-03-21-10-25-48AM,network,1.2933509,103.7752157,77.6,-1.0,-1.0,-1.0
2017-03-21-10-26-08AM,1490063168818,1490063168000,2017-03-21-10-26-08AM,gps,1.29341686,103.77519947,24.0,21.0,-1.0,0.0
2017-03-21-10-26-16AM,1490063176699,1490063169163,2017-03-21-10-26-09AM,network,1.2933509,103.7752157,77.6,-1.0,-1.0,-1.0
2017-03-21-10-26-29AM,1490063189789,1490063189000,2017-03-21-10-26-29AM,gps,1.29339376,103.77518759,12.0,20.0,-1.0,0.0
2017-03-21-10-26-36AM,1490063196725,1490063190241,2017-03-21-10-26-30AM,network,1.2933509,103.7752157,77.6,-1.0,-1.0,-1.0
2017-03-21-10-26-49AM,1490063209824,1490063209000,2017-03-21-10-26-49AM,gps,1.29340072,103.77519372,18.0,20.0,-1.0,0.0
2017-03-21-10-26-56AM,1490063216749,1490063214856,2017-03-21-10-26-54AM,network,1.2933825,103.7751276,23.302,-1.0,-1.0,-1.0
2017-03-21-10-27-10AM,1490063230808,1490063230000,2017-03-21-10-27-10AM,gps,1.29337663,103.77517829,24.0,20.0,-1.0,0.0
2017-03-21-10-27-16AM,1490063236787,1490063229180,2017-03-21-10-27-09AM,network,1.293492,103.7751729,22.705,-1.0,-1.0,-1.0
2017-03-21-10-27-21AM,1490063241787,1490063241000,2017-03-21-10-27-21AM,gps,1.29336383,103.77517272,19.0,20.0,-1.0,0.0
2017-03-21-10-27-36AM,1490063256823,1490063251838,2017-03-21-10-27-31AM,network,1.293492,103.7751729,25.684,-1.0,-1.0,-1.0
2017-03-21-10-27-51AM,1490063271790,1490063271000,2017-03-21-10-27-51AM,gps,1.293373,103.77517687,17.0,20.0,-1.0,0.0
2017-03-21-10-27-56AM,1490063276848,1490063272838,2017-03-21-10-27-52AM,network,1.293492,103.7751729,25.684,-1.0,-1.0,-1.0
2017-03-21-10-28-02AM,1490063282792,1490063282000,2017-03-21-10-28-02AM,gps,1.29337498,103.77517838,22.0,20.0,-1.0,0.0
2017-03-21-10-28-12AM,1490063292788,1490063292000,2017-03-21-10-28-12AM,gps,1.29337608,103.77517798,17.0,20.0,-1.0,0.0
2017-03-21-10-28-22AM,1490063302796,1490063302000,2017-03-21-10-28-22AM,gps,1.29337681,103.77517753,28.0,21.0,-1.0,0.0
2017-03-21-10-28-32AM,1490063312809,1490063312000,2017-03-21-10-28-32AM,gps,1.29337826,103.77517717,19.0,21.0,-1.0,0.0
2017-03-21-10-28-42AM,1490063322787,1490063322000,2017-03-21-10-28-42AM,gps,1.29338056,103.77517553,26.0,21.0,222.7,0.25
2017-03-21-10-28-53AM,1490063333784,1490063333000,2017-03-21-10-28-53AM,gps,1.29335173,103.77519947,14.0,20.0,-1.0,0.0
2017-03-21-10-29-13AM,1490063353874,1490063353000,2017-03-21-10-29-13AM,gps,1.29339674,103.77516697,21.0,28.0,-1.0,0.0
2017-03-21-10-29-23AM,1490063363785,1490063363000,2017-03-21-10-29-23AM,gps,1.29341582,103.77516205,15.0,33.0,-1.0,0.0
2017-03-21-10-29-34AM,1490063374808,1490063374000,2017-03-21-10-29-34AM,gps,1.2933806,103.7751424,19.0,30.0,-1.0,0.0
2017-03-21-10-29-54AM,1490063394820,1490063394000,2017-03-21-10-29-54AM,gps,1.29339117,103.77514403,11.0,32.0,-1.0,0.0
2017-03-21-10-30-04AM,1490063404780,1490063404000,2017-03-21-10-30-04AM,gps,1.29341482,103.77515013,13.0,33.0,-1.0,0.0
2017-03-21-10-30-15AM,1490063415343,1490063414000,2017-03-21-10-30-14AM,gps,1.29342073,103.77515445,24.0,34.0,-1.0,0.0
2017-03-21-10-30-24AM,1490063424824,1490063424000,2017-03-21-10-30-24AM,gps,1.29343394,103.77515613,16.0,36.0,-1.0,0.0
2017-03-21-10-30-34AM,1490063434834,1490063434000,2017-03-21-10-30-34AM,gps,1.29343777,103.77515725,17.0,36.0,-1.0,0.0
2017-03-21-10-30-45AM,1490063445796,1490063445000,2017-03-21-10-30-45AM,gps,1.29342989,103.77515582,14.0,34.0,-1.0,0.0
2017-03-21-10-30-55AM,1490063455788,1490063455000,2017-03-21-10-30-55AM,gps,1.29343364,103.77515666,29.0,35.0,-1.0,0.0
2017-03-21-10-31-05AM,1490063465831,1490063465000,2017-03-21-10-31-05AM,gps,1.29344354,103.77515454,17.0,37.0,-1.0,0.0
2017-03-21-10-31-15AM,1490063475822,1490063475000,2017-03-21-10-31-15AM,gps,1.29345243,103.77516009,20.0,38.0,-1.0,0.0
2017-03-21-10-31-26AM,1490063486793,1490063486000,2017-03-21-10-31-26AM,gps,1.29345725,103.7751638,15.0,38.0,-1.0,0.0
2017-03-21-10-31-36AM,1490063496789,1490063496000,2017-03-21-10-31-36AM,gps,1.2934555,103.77516272,28.0,38.0,-1.0,0.0
2017-03-21-10-31-48AM,1490063508565,1490063507000,2017-03-21-10-31-47AM,gps,1.29346014,103.77516147,8.0,38.0,-1.0,0.0
2017-03-21-10-32-02AM,1490063522243,1490063512839,2017-03-21-10-31-52AM,network,1.293492,103.7751729,27.981,-1.0,-1.0,-1.0
2017-03-21-10-32-07AM,1490063527859,1490063527000,2017-03-21-10-32-07AM,gps,1.29343662,103.77516305,21.0,34.0,-1.0,0.0
2017-03-21-10-32-18AM,1490063538199,1490063537000,2017-03-21-10-32-17AM,gps,1.29339301,103.77516194,26.0,28.0,-1.0,0.0
2017-03-21-10-32-23AM,1490063543213,1490063537788,2017-03-21-10-32-17AM,network,1.2933099,103.7750371,23.01,-1.0,-1.0,-1.0
2017-03-21-10-32-37AM,1490063557798,1490063557000,2017-03-21-10-32-37AM,gps,1.2932939,103.77514795,27.0,16.0,-1.0,0.0
2017-03-21-10-32-43AM,1490063563830,1490063553331,2017-03-21-10-32-33AM,network,1.2932367,103.7750371,22.546,-1.0,-1.0,-1.0
2017-03-21-10-32-58AM,1490063578817,1490063578000,2017-03-21-10-32-58AM,gps,1.29228237,103.77454283,12.0,20.0,213.3,12.5
2017-03-21-10-33-03AM,1490063583860,1490063582119,2017-03-21-10-33-02AM,network,1.2932004,103.7749918,23.168,-1.0,-1.0,-1.0
2017-03-21-10-33-19AM,1490063599820,1490063599000,2017-03-21-10-33-19AM,gps,1.29224,103.77384149,25.0,36.0,276.5,8.25
2017-03-21-10-33-29AM,1490063609799,1490063609000,2017-03-21-10-33-29AM,gps,1.29268339,103.77338653,23.0,33.0,315.8,7.5
2017-03-21-10-33-39AM,1490063619807,1490063619000,2017-03-21-10-33-39AM,gps,1.2931347,103.77282062,21.0,35.0,302.9,7.25
2017-03-21-10-33-50AM,1490063630799,1490063630000,2017-03-21-10-33-50AM,gps,1.29343841,103.77255183,27.0,23.0,332.1,2.75
2017-03-21-10-34-00AM,1490063640842,1490063640000,2017-03-21-10-34-00AM,gps,1.29338688,103.77243376,28.0,32.0,280.0,1.25
2017-03-21-10-34-11AM,1490063651797,1490063651000,2017-03-21-10-34-11AM,gps,1.29342891,103.77211258,16.0,31.0,270.3,2.25
2017-03-21-10-34-31AM,1490063671803,1490063671000,2017-03-21-10-34-31AM,gps,1.29377148,103.77225367,18.0,28.0,32.8,5.0
2017-03-21-10-34-52AM,1490063692549,1490063691763,2017-03-21-10-34-51AM,gps,1.29449387,103.77271557,29.0,37.0,-1.0,-1.0
2017-03-21-10-35-02AM,1490063702795,1490063702000,2017-03-21-10-35-02AM,gps,1.29461184,103.77318985,21.0,48.0,69.9,7.5
2017-03-21-10-35-08AM,1490063708550,1490063697377,2017-03-21-10-34-57AM,network,1.2942037,103.7721399,30.95,-1.0,-1.0,-1.0
2017-03-21-10-35-13AM,1490063713569,1490063712000,2017-03-21-10-35-12AM,gps,1.29467745,103.77344488,11.0,46.0,137.2,1.75
2017-03-21-10-35-26AM,1490063726505,1490063723793,2017-03-21-10-35-23AM,network,1.2951083,103.7739054,29.17,-1.0,-1.0,-1.0
2017-03-21-10-35-42AM,1490063742827,1490063742000,2017-03-21-10-35-42AM,gps,1.29426035,103.77361683,17.0,43.0,244.7,2.5
2017-03-21-10-35-48AM,1490063748739,1490063736845,2017-03-21-10-35-36AM,network,1.2949157,103.7734652,77.6,-1.0,-1.0,-1.0
2017-03-21-10-36-02AM,1490063762562,1490063761764,2017-03-21-10-36-01AM,gps,1.29442312,103.77278321,10.0,48.0,202.5,6.0
2017-03-21-10-36-08AM,1490063768711,1490063763036,2017-03-21-10-36-03AM,network,1.2949157,103.7734652,68.4,-1.0,-1.0,-1.0
2017-03-21-10-36-23AM,1490063783556,1490063782000,2017-03-21-10-36-22AM,gps,1.29366472,103.77212232,16.0,37.0,195.1,4.25
2017-03-21-10-36-28AM,1490063788647,1490063775995,2017-03-21-10-36-15AM,network,1.2938374,103.7722305,50.0,-1.0,-1.0,-1.0
2017-03-21-10-36-42AM,1490063802830,1490063802000,2017-03-21-10-36-42AM,gps,1.29375125,103.77105407,18.0,43.0,300.8,9.75
2017-03-21-10-36-51AM,1490063811166,1490063804851,2017-03-21-10-36-44AM,network,1.2941346,103.7714157,25.123,-1.0,-1.0,-1.0
2017-03-21-10-37-02AM,1490063822842,1490063822000,2017-03-21-10-37-02AM,gps,1.29506672,103.77052201,17.0,29.0,12.1,6.0
2017-03-21-10-37-08AM,1490063828683,1490063819389,2017-03-21-10-36-59AM,network,1.2940982,103.7713704,26.922,-1.0,-1.0,-1.0
2017-03-21-10-37-13AM,1490063833790,1490063833000,2017-03-21-10-37-13AM,gps,1.29532412,103.77054291,24.0,10.0,12.8,0.25
2017-03-21-10-37-24AM,1490063844780,1490063844000,2017-03-21-10-37-24AM,gps,1.29543475,103.77071059,10.0,26.0,43.8,4.75
2017-03-21-10-37-44AM,1490063864893,1490063864000,2017-03-21-10-37-44AM,gps,1.29591722,103.77093143,12.0,18.0,-1.0,0.0
2017-03-21-10-37-54AM,1490063874796,1490063874000,2017-03-21-10-37-54AM,gps,1.29591468,103.77094533,16.0,15.0,-1.0,0.0
2017-03-21-10-38-05AM,1490063885801,1490063885000,2017-03-21-10-38-05AM,gps,1.29594435,103.77095552,21.0,19.0,-1.0,0.0
2017-03-21-10-38-25AM,1490063905785,1490063905000,2017-03-21-10-38-25AM,gps,1.29593987,103.77094803,27.0,18.0,-1.0,0.0
2017-03-21-10-38-35AM,1490063915795,1490063915000,2017-03-21-10-38-35AM,gps,1.29594059,103.77095931,16.0,18.0,-1.0,0.0
2017-03-21-10-38-45AM,1490063925834,1490063925000,2017-03-21-10-38-45AM,gps,1.29596574,103.77097369,12.0,13.0,48.6,4.75
2017-03-21-10-38-56AM,1490063936566,1490063935765,2017-03-21-10-38-55AM,gps,1.29632169,103.77158039,13.0,70.0,92.1,6.0
2017-03-21-10-39-09AM,1490063949321,1490063948797,2017-03-21-10-39-08AM,network,1.2964644,103.7734074,33.31,-1.0,-1.0,-1.0
2017-03-21-10-39-15AM,1490063955819,1490063955000,2017-03-21-10-39-15AM,gps,1.29689974,103.77259197,23.0,21.0,36.5,7.0
2017-03-21-10-39-28AM,1490063968564,1490063967000,2017-03-21-10-39-27AM,gps,1.2973187,103.7726537,25.0,17.0,-1.0,0.0
2017-03-21-10-39-46AM,1490063986567,1490063985766,2017-03-21-10-39-45AM,gps,1.2976108,103.77305984,11.0,62.0,12.7,6.5
2017-03-21-10-39-56AM,1490063996593,1490063995766,2017-03-21-10-39-55AM,gps,1.29809021,103.77364509,8.0,11.0,61.7,11.0
2017-03-21-10-40-07AM,1490064007585,1490064006767,2017-03-21-10-40-06AM,gps,1.29905426,103.77424629,10.0,42.0,36.7,10.25
2017-03-21-10-40-27AM,1490064027565,1490064026766,2017-03-21-10-40-26AM,gps,1.30003739,103.77450865,6.0,37.0,357.8,9.25
2017-03-21-10-40-37AM,1490064037828,1490064037000,2017-03-21-10-40-37AM,gps,1.30067891,103.77406994,16.0,36.0,305.0,10.0
2017-03-21-10-40-48AM,1490064048558,1490064047767,2017-03-21-10-40-47AM,gps,1.30104587,103.77327843,12.0,52.0,292.3,6.25
2017-03-21-10-40-55AM,1490064055434,1490064053349,2017-03-21-10-40-53AM,network,1.3004502,103.7736338,29.276,-1.0,-1.0,-1.0
2017-03-21-10-41-09AM,1490064069560,1490064068768,2017-03-21-10-41-08AM,gps,1.30113749,103.77361878,10.0,22.0,96.4,1.5
2017-03-21-10-41-16AM,1490064076727,1490064066354,2017-03-21-10-41-06AM,network,1.3006037,103.7736562,135.6,-1.0,-1.0,-1.0
2017-03-21-10-41-28AM,1490064088554,1490064087767,2017-03-21-10-41-27AM,gps,1.30087003,103.77350301,26.0,47.0,134.9,1.5
2017-03-21-10-41-38AM,1490064098560,1490064097768,2017-03-21-10-41-37AM,gps,1.30079572,103.77396827,12.0,54.0,128.7,4.25
2017-03-21-10-41-52AM,1490064112636,1490064105299,2017-03-21-10-41-45AM,network,1.3007076,103.7734074,27.575,-1.0,-1.0,-1.0
2017-03-21-10-41-57AM,1490064117781,1490064117000,2017-03-21-10-41-57AM,gps,1.30213801,103.77417073,4.0,31.0,334.6,12.25
2017-03-21-10-42-07AM,1490064127799,1490064127000,2017-03-21-10-42-07AM,gps,1.30307813,103.77397865,17.0,30.0,14.8,6.0
2017-03-21-10-42-19AM,1490064139571,1490064138768,2017-03-21-10-42-18AM,gps,1.30346134,103.77425037,9.0,52.0,45.4,6.5
2017-03-21-10-42-30AM,1490064150582,1490064149769,2017-03-21-10-42-29AM,gps,1.30353302,103.77438251,20.0,99.0,132.0,0.75
2017-03-21-10-42-49AM,1490064169562,1490064168769,2017-03-21-10-42-48AM,gps,1.30352268,103.77432748,18.0,48.0,295.3,1.0
2017-03-21-10-42-55AM,1490064175771,1490064157559,2017-03-21-10-42-37AM,network,1.3036755,103.7725473,600.0,-1.0,-1.0,-1.0
2017-03-21-10-43-10AM,1490064190562,1490064189769,2017-03-21-10-43-09AM,gps,1.30352778,103.77443472,24.0,70.0,289.2,0.25
2017-03-21-10-43-17AM,1490064197038,1490064196665,2017-03-21-10-43-16AM,network,1.3038525,103.7745152,116.1,-1.0,-1.0,-1.0
2017-03-21-10-43-28AM,1490064208859,1490064208000,2017-03-21-10-43-28AM,gps,1.30344574,103.77456598,27.0,58.0,-1.0,0.0
2017-03-21-10-43-36AM,1490064216839,1490064209621,2017-03-21-10-43-29AM,network,1.3038525,103.7745152,116.1,-1.0,-1.0,-1.0
2017-03-21-10-43-50AM,1490064230804,1490064230000,2017-03-21-10-43-50AM,gps,1.30382068,103.77555903,23.0,66.0,58.6,8.25
2017-03-21-10-44-09AM,1490064249788,1490064249000,2017-03-21-10-44-09AM,gps,1.30355172,103.7746284,23.0,40.0,261.5,9.25
2017-03-21-10-44-19AM,1490064259814,1490064259000,2017-03-21-10-44-19AM,gps,1.30331485,103.77414707,4.0,36.0,231.2,0.75
2017-03-21-10-44-40AM,1490064280795,1490064280000,2017-03-21-10-44-40AM,gps,1.30216727,103.77412843,32.0,30.0,156.1,9.75
2017-03-21-10-44-50AM,1490064290791,1490064290000,2017-03-21-10-44-50AM,gps,1.30124613,103.77444181,19.0,11.0,180.2,10.25
2017-03-21-10-45-01AM,1490064301588,1490064300771,2017-03-21-10-45-00AM,gps,1.30064118,103.77426183,5.0,23.0,177.0,4.5
2017-03-21-10-45-12AM,1490064312787,1490064312000,2017-03-21-10-45-12AM,gps,1.30035075,103.77476195,42.0,19.0,153.2,5.75
2017-03-21-10-45-31AM,1490064331804,1490064331000,2017-03-21-10-45-31AM,gps,1.29939706,103.7747169,38.0,48.0,177.4,5.25
2017-03-21-10-45-41AM,1490064341846,1490064341000,2017-03-21-10-45-41AM,gps,1.29909378,103.77441479,22.0,44.0,207.5,5.0
2017-03-21-10-45-51AM,1490064351811,1490064351000,2017-03-21-10-45-51AM,gps,1.29904616,103.77441324,31.0,71.0,181.3,0.25
2017-03-21-10-46-01AM,1490064361294,1490064342485,2017-03-21-10-45-42AM,network,1.3024947,103.774358,600.0,-1.0,-1.0,-1.0
2017-03-21-10-46-12AM,1490064372574,1490064371771,2017-03-21-10-46-11AM,gps,1.2987683,103.77417942,9.0,41.0,222.1,4.25
2017-03-21-10-46-32AM,1490064392835,1490064392000,2017-03-21-10-46-32AM,gps,1.29852914,103.77363512,41.0,88.0,237.3,6.25
2017-03-21-10-46-42AM,1490064402314,1490064402204,2017-03-21-10-46-42AM,network,1.2983997,103.7739958,600.0,-1.0,-1.0,-1.0
2017-03-21-10-46-52AM,1490064412789,1490064412000,2017-03-21-10-46-52AM,gps,1.29690551,103.77266177999999,18.0,36.0,206.6,5.75
2017-03-21-10-47-02AM,1490064422818,1490064422000,2017-03-21-10-47-02AM,gps,1.29643849,103.77224689,25.0,43.0,243.8,4.75
2017-03-21-10-47-12AM,1490064432809,1490064432000,2017-03-21-10-47-12AM,gps,1.2964538,103.77227131,27.0,55.0,-1.0,0.0
2017-03-21-10-47-22AM,1490064442823,1490064442000,2017-03-21-10-47-22AM,gps,1.29648576,103.77220584,23.0,51.0,-1.0,0.0
2017-03-21-10-47-32AM,1490064452819,1490064452000,2017-03-21-10-47-32AM,gps,1.29645829,103.7722185,29.0,62.0,-1.0,0.0
2017-03-21-10-47-43AM,1490064463079,1490064457015,2017-03-21-10-47-37AM,network,1.2960675,103.7722782,92.9,-1.0,-1.0,-1.0
2017-03-21-10-47-54AM,1490064474573,1490064473773,2017-03-21-10-47-53AM,gps,1.2962769,103.77095363,5.0,43.0,263.0,3.5
2017-03-21-10-48-03AM,1490064483324,1490064470042,2017-03-21-10-47-50AM,network,1.2960675,103.7722782,92.9,-1.0,-1.0,-1.0
2017-03-21-10-48-25AM,1490064505567,1490064504773,2017-03-21-10-48-24AM,gps,1.29469489,103.77071524,5.0,-3.0,189.4,0.25
2017-03-21-10-48-35AM,1490064515566,1490064514774,2017-03-21-10-48-34AM,gps,1.294675,103.77055441,6.0,37.0,188.1,0.75
2017-03-21-10-48-43AM,1490064523239,1490064522183,2017-03-21-10-48-42AM,network,1.2948052,103.7707929,68.4,-1.0,-1.0,-1.0
2017-03-21-10-48-55AM,1490064535585,1490064534774,2017-03-21-10-48-54AM,gps,1.29365718,103.77078842,15.0,55.0,147.7,5.0
2017-03-21-10-49-03AM,1490064543679,1490064535332,2017-03-21-10-48-55AM,network,1.2945023,103.7710535,32.3,-1.0,-1.0,-1.0
2017-03-21-10-49-16AM,1490064556566,1490064555774,2017-03-21-10-49-15AM,gps,1.29349841,103.77178104,12.0,51.0,96.9,0.25
2017-03-21-10-49-36AM,1490064576786,1490064576000,2017-03-21-10-49-36AM,gps,1.29339602,103.77173416,16.0,29.0,55.9,4.0
2017-03-21-10-49-56AM,1490064596833,1490064596000,2017-03-21-10-49-56AM,gps,1.29429972,103.77250818,19.0,36.0,31.7,2.75
2017-03-21-10-50-10AM,1490064610853,1490064600497,2017-03-21-10-50-00AM,network,1.2945905,103.7725475,110.0,-1.0,-1.0,-1.0
2017-03-21-10-50-16AM,1490064616570,1490064615775,2017-03-21-10-50-15AM,gps,1.29489633,103.77297498,9.0,26.0,33.0,7.0
2017-03-21-10-50-25AM,1490064625678,1490064613463,2017-03-21-10-50-13AM,network,1.2941295,103.772321,50.0,-1.0,-1.0,-1.0
2017-03-21-10-50-38AM,1490064638594,1490064637775,2017-03-21-10-50-37AM,gps,1.29448612,103.77385507,9.0,57.0,211.6,3.5
2017-03-21-10-50-45AM,1490064645737,1490064639804,2017-03-21-10-50-39AM,network,1.2952183,103.7738601,32.244,-1.0,-1.0,-1.0
2017-03-21-10-51-07AM,1490064667822,1490064667000,2017-03-21-10-51-07AM,gps,1.29444203,103.77373686,49.0,51.0,0.6,0.5
2017-03-21-10-51-25AM,1490064685785,1490064679341,2017-03-21-10-51-19AM,network,1.2949157,103.7734652,68.4,-1.0,-1.0,-1.0
2017-03-21-10-51-45AM,1490064705791,1490064705548,2017-03-21-10-51-45AM,network,1.2940554,103.7725021,50.0,-1.0,-1.0,-1.0
2017-03-21-10-51-58AM,1490064718803,1490064718000,2017-03-21-10-51-58AM,gps,1.29358609,103.77218591,24.0,44.0,206.8,6.5
2017-03-21-10-52-05AM,1490064725990,1490064718554,2017-03-21-10-51-58AM,network,1.2940554,103.7725021,50.0,-1.0,-1.0,-1.0
2017-03-21-10-52-18AM,1490064738789,1490064738000,2017-03-21-10-52-18AM,gps,1.29312874,103.77286776,13.0,36.0,118.0,6.0
2017-03-21-10-52-25AM,1490064745941,1490064744492,2017-03-21-10-52-24AM,network,1.2930253,103.7735885,23.379,-1.0,-1.0,-1.0
2017-03-21-10-52-39AM,1490064759784,1490064759000,2017-03-21-10-52-39AM,gps,1.29239417,103.77403287,29.0,63.0,69.3,5.75
2017-03-21-10-52-48AM,1490064768050,1490064757636,2017-03-21-10-52-37AM,network,1.2925118,103.7738601,26.703,-1.0,-1.0,-1.0
2017-03-21-10-53-08AM,1490064788913,1490064783594,2017-03-21-10-53-03AM,network,1.2926202,103.7740864,35.595,-1.0,-1.0,-1.0
2017-03-21-10-53-21AM,1490064801785,1490064801000,2017-03-21-10-53-21AM,gps,1.29340768,103.77484524,48.0,49.0,42.2,0.5
2017-03-21-10-53-28AM,1490064808813,1490064796557,2017-03-21-10-53-16AM,network,1.2932382,103.7747655,36.253,-1.0,-1.0,-1.0
2017-03-21-10-53-34AM,1490064814047,1490064811778,2017-03-21-10-53-31AM,gps,1.29333701,103.77555897,17.0,-16.0,229.4,1.0
2017-03-21-10-53-52AM,1490064832790,1490064832000,2017-03-21-10-53-52AM,gps,1.29313869,103.77510055,25.0,31.0,206.5,1.25
2017-03-21-10-53-59AM,1490064839054,1490064829193,2017-03-21-10-53-49AM,network,1.2934193,103.7750823,26.109,-1.0,-1.0,-1.0
2017-03-21-10-54-10AM,1490064850788,1490064850000,2017-03-21-10-54-10AM,gps,1.29310362,103.77489548,23.0,46.0,188.6,1.0
2017-03-21-10-54-22AM,1490064862597,1490064861000,2017-03-21-10-54-21AM,gps,1.29300553,103.77488697,29.0,26.0,189.8,1.5
2017-03-21-10-54-32AM,1490064872862,1490064867468,2017-03-21-10-54-27AM,network,1.2930914,103.774856,25.988,-1.0,-1.0,-1.0
2017-03-21-10-54-41AM,1490064881781,1490064881000,2017-03-21-10-54-41AM,gps,1.29276308,103.77475149,16.0,61.0,-1.0,0.0
2017-03-21-10-54-51AM,1490064891828,1490064891000,2017-03-21-10-54-51AM,gps,1.29272457,103.77476204,11.0,59.0,232.3,1.5
2017-03-21-10-55-01AM,1490064901771,1490064901000,2017-03-21-10-55-01AM,gps,1.29243309,103.77456779,16.0,77.0,220.9,2.75
2017-03-21-10-55-11AM,1490064911761,1490064911000,2017-03-21-10-55-11AM,gps,1.29234326,103.77445718,27.0,79.0,191.6,1.0
2017-03-21-10-55-22AM,1490064922773,1490064922000,2017-03-21-10-55-22AM,gps,1.29241587,103.774362,38.0,44.0,241.7,0.75
2017-03-21-10-55-33AM,1490064933010,1490064932564,2017-03-21-10-55-32AM,network,1.292142,103.7745844,24.927,-1.0,-1.0,-1.0
2017-03-21-10-55-46AM,1490064946581,1490064945000,2017-03-21-10-55-45AM,gps,1.29227454,103.77423387,59.0,43.0,220.3,1.25
2017-03-21-10-55-56AM,1490064956103,1490064955950,2017-03-21-10-55-55AM,network,1.2921783,103.7746296,23.942,-1.0,-1.0,-1.0
2017-03-21-10-56-03AM,1490064963771,1490064963000,2017-03-21-10-56-03AM,gps,1.29233685,103.77417253,18.0,50.0,298.4,1.5
2017-03-21-10-56-14AM,1490064974177,1490064968848,2017-03-21-10-56-08AM,network,1.2936025,103.7750371,50.0,-1.0,-1.0,-1.0
2017-03-21-10-56-24AM,1490064984769,1490064984000,2017-03-21-10-56-24AM,gps,1.29254982,103.77383831,22.0,24.0,334.6,1.75
2017-03-21-10-56-34AM,1490064994125,1490064981925,2017-03-21-10-56-21AM,network,1.2922943,103.7734979,33.373,-1.0,-1.0,-1.0
2017-03-21-10-56-53AM,1490065013769,1490065013000,2017-03-21-10-56-53AM,gps,1.29270351,103.77381025,24.0,29.0,323.9,1.0
2017-03-21-10-57-05AM,1490065025548,1490065024000,2017-03-21-10-57-04AM,gps,1.29271897,103.7737169,17.0,34.0,323.9,0.25
2017-03-21-10-57-14AM,1490065034084,1490065033871,2017-03-21-10-57-13AM,network,1.2931368,103.7732716,22.96,-1.0,-1.0,-1.0
2017-03-21-10-57-25AM,1490065045787,1490065045000,2017-03-21-10-57-25AM,gps,1.29289634,103.77345915,21.0,51.0,280.9,0.5
2017-03-21-10-57-34AM,1490065054160,1490065046850,2017-03-21-10-57-26AM,network,1.2929536,103.7733169,24.803,-1.0,-1.0,-1.0
2017-03-21-10-57-46AM,1490065066574,1490065065000,2017-03-21-10-57-45AM,gps,1.29301655,103.77327475,16.0,37.0,288.1,1.0
2017-03-21-10-57-54AM,1490065074267,1490065072754,2017-03-21-10-57-52AM,network,1.2930268,103.7733169,24.11,-1.0,-1.0,-1.0
2017-03-21-10-58-05AM,1490065085784,1490065085000,2017-03-21-10-58-05AM,gps,1.2929994,103.77306107,19.0,34.0,267.3,1.5
2017-03-21-10-58-15AM,1490065095770,1490065095000,2017-03-21-10-58-15AM,gps,1.29306685,103.77302376,23.0,33.0,308.8,1.0
2017-03-21-10-58-26AM,1490065106776,1490065106000,2017-03-21-10-58-26AM,gps,1.29320585,103.77290305,26.0,51.0,273.0,1.5
2017-03-21-10-58-36AM,1490065116847,1490065116000,2017-03-21-10-58-36AM,gps,1.29325992,103.77280959,39.0,55.0,309.0,1.0
2017-03-21-10-58-46AM,1490065126760,1490065126000,2017-03-21-10-58-46AM,gps,1.29346643,103.77253138,19.0,58.0,309.2,1.5
2017-03-21-10-58-57AM,1490065137030,1490065125129,2017-03-21-10-58-45AM,network,1.293505,103.7728189,37.998,-1.0,-1.0,-1.0
2017-03-21-10-59-07AM,1490065147775,1490065147000,2017-03-21-10-59-07AM,gps,1.29343415,103.77249593,23.0,49.0,-1.0,0.0
2017-03-21-10-59-18AM,1490065158630,1490065151143,2017-03-21-10-59-11AM,network,1.293343,103.7730322,68.4,-1.0,-1.0,-1.0
2017-03-21-10-59-26AM,1490065166811,1490065166000,2017-03-21-10-59-26AM,gps,1.29340598,103.77238797,24.0,50.0,-1.0,0.0
2017-03-21-10-59-36AM,1490065176772,1490065176000,2017-03-21-10-59-36AM,gps,1.29340716,103.77235742,22.0,49.0,-1.0,0.0
2017-03-21-10-59-47AM,1490065187803,1490065187000,2017-03-21-10-59-47AM,gps,1.29340816,103.77233546,11.0,43.0,-1.0,0.0
2017-03-21-11-00-00AM,1490065200276,1490065189991,2017-03-21-10-59-49AM,network,1.2941315,103.7719589,50.0,-1.0,-1.0,-1.0
2017-03-21-11-00-07AM,1490065207813,1490065207000,2017-03-21-11-00-07AM,gps,1.2933878,103.7722031,25.0,44.0,-1.0,0.0
2017-03-21-11-00-17AM,1490065217769,1490065217000,2017-03-21-11-00-17AM,gps,1.29340118,103.77216086,27.0,43.0,284.7,2.0
2017-03-21-11-00-27AM,1490065227792,1490065227000,2017-03-21-11-00-27AM,gps,1.29356322,103.77164242,39.0,37.0,297.5,3.0
2017-03-21-11-00-37AM,1490065237765,1490065237000,2017-03-21-11-00-37AM,gps,1.29374126,103.77142498,28.0,48.0,286.6,2.0
2017-03-21-11-00-49AM,1490065249825,1490065249000,2017-03-21-11-00-49AM,gps,1.29375676,103.77117188,16.0,52.0,303.9,1.0
2017-03-21-11-01-01AM,1490065261338,1490065254970,2017-03-21-11-00-54AM,network,1.2941356,103.7712346,24.485,-1.0,-1.0,-1.0
2017-03-21-11-01-08AM,1490065268787,1490065268000,2017-03-21-11-01-08AM,gps,1.29378273,103.77108682,18.0,36.0,268.6,0.5
2017-03-21-11-01-19AM,1490065279768,1490065279000,2017-03-21-11-01-19AM,gps,1.29408791,103.77100996,30.0,33.0,354.4,2.5
2017-03-21-11-01-29AM,1490065289781,1490065289000,2017-03-21-11-01-29AM,gps,1.29406701,103.77093215,32.0,30.0,283.7,1.25
2017-03-21-11-01-39AM,1490065299765,1490065299000,2017-03-21-11-01-39AM,gps,1.29406592,103.77087941,21.0,22.0,283.7,0.5
2017-03-21-11-01-50AM,1490065310766,1490065310000,2017-03-21-11-01-50AM,gps,1.29425565,103.77070207,22.0,25.0,344.1,2.25
2017-03-21-11-02-01AM,1490065321782,1490065319873,2017-03-21-11-01-59AM,network,1.2943192,103.7710988,25.274,-1.0,-1.0,-1.0
2017-03-21-11-02-20AM,1490065340874,1490065340000,2017-03-21-11-02-20AM,gps,1.29434658,103.77078483,20.0,35.0,-1.0,0.0
2017-03-21-11-02-32AM,1490065352784,1490065352000,2017-03-21-11-02-32AM,gps,1.2943441,103.77077417,23.0,29.0,-1.0,0.0
2017-03-21-11-02-42AM,1490065362762,1490065353501,2017-03-21-11-02-33AM,network,1.2942097,103.7710535,24.027,-1.0,-1.0,-1.0
2017-03-21-11-02-50AM,1490065370773,1490065370000,2017-03-21-11-02-50AM,gps,1.29433723,103.77077014,56.0,24.0,-1.0,0.0
2017-03-21-11-03-00AM,1490065380771,1490065380000,2017-03-21-11-03-00AM,gps,1.29436096,103.77074151,28.0,23.0,-1.0,0.0
2017-03-21-11-03-10AM,1490065390770,1490065390000,2017-03-21-11-03-10AM,gps,1.29439278,103.77073464,33.0,27.0,-1.0,0.0
2017-03-21-11-03-20AM,1490065400782,1490065400000,2017-03-21-11-03-20AM,gps,1.29438732,103.77073993,22.0,24.0,35.4,1.25
2017-03-21-11-03-30AM,1490065410775,1490065410000,2017-03-21-11-03-30AM,gps,1.29492148,103.77067911,53.0,30.0,357.1,4.75
2017-03-21-11-03-41AM,1490065421771,1490065421000,2017-03-21-11-03-41AM,gps,1.29533395,103.7706254,20.0,31.0,349.9,4.0
2017-03-21-11-03-52AM,1490065432769,1490065432000,2017-03-21-11-03-52AM,gps,1.29545338,103.77072206,41.0,24.0,40.1,1.25
2017-03-21-11-04-02AM,1490065442813,1490065442000,2017-03-21-11-04-02AM,gps,1.29564123,103.77069499,80.0,7.0,17.4,1.75
2017-03-21-11-04-15AM,1490065455775,1490065455000,2017-03-21-11-04-15AM,gps,1.29568282,103.77067398,65.0,16.0,4.0,0.75
2017-03-21-11-04-26AM,1490065466841,1490065457798,2017-03-21-11-04-17AM,network,1.2952723,103.771271,72.9,-1.0,-1.0,-1.0
2017-03-21-11-04-31AM,1490065471878,1490065471000,2017-03-21-11-04-31AM,gps,1.29582629,103.7709856,31.0,12.0,59.1,2.0
2017-03-21-11-04-44AM,1490065484558,1490065483000,2017-03-21-11-04-43AM,gps,1.29594089,103.77085464,29.0,12.0,321.6,1.25
2017-03-21-11-05-03AM,1490065503775,1490065503000,2017-03-21-11-05-03AM,gps,1.29602501,103.77097174,28.0,18.0,-1.0,0.0
2017-03-21-11-05-09AM,1490065509801,1490065496918,2017-03-21-11-04-56AM,network,1.2952723,103.771271,87.6,-1.0,-1.0,-1.0
2017-03-21-11-05-15AM,1490065515551,1490065514000,2017-03-21-11-05-14AM,gps,1.29602594,103.77097197,37.0,18.0,-1.0,0.0
2017-03-21-11-05-28AM,1490065528171,1490065522903,2017-03-21-11-05-22AM,network,1.2955353,103.7702355,98.4,-1.0,-1.0,-1.0
2017-03-21-11-05-35AM,1490065535557,1490065534000,2017-03-21-11-05-34AM,gps,1.29602792,103.77097378,28.0,18.0,-1.0,0.0
2017-03-21-11-05-49AM,1490065549026,1490065535879,2017-03-21-11-05-35AM,network,1.2954356,103.7717124,82.5,-1.0,-1.0,-1.0
2017-03-21-11-05-55AM,1490065555785,1490065555000,2017-03-21-11-05-55AM,gps,1.29603411,103.77103839,39.0,22.0,-1.0,0.0
2017-03-21-11-06-05AM,1490065565767,1490065565000,2017-03-21-11-06-05AM,gps,1.29603279,103.77104008,75.0,22.0,-1.0,0.0
2017-03-21-11-06-11AM,1490065571082,1490065561883,2017-03-21-11-06-01AM,network,1.295304,103.7715967,37.419,-1.0,-1.0,-1.0
2017-03-21-11-06-25AM,1490065585763,1490065585000,2017-03-21-11-06-25AM,gps,1.29596806,103.77109518,51.0,4.0,-1.0,0.0
2017-03-21-11-06-32AM,1490065592805,1490065587624,2017-03-21-11-06-27AM,network,1.2955563,103.7722757,25.157,-1.0,-1.0,-1.0
2017-03-21-11-06-45AM,1490065605795,1490065605000,2017-03-21-11-06-45AM,gps,1.29592811,103.77114486,72.0,-1.0,-1.0,0.0
2017-03-21-11-06-53AM,1490065613947,1490065613621,2017-03-21-11-06-53AM,network,1.2961036,103.7725021,28.443,-1.0,-1.0,-1.0
2017-03-21-11-07-05AM,1490065625798,1490065625000,2017-03-21-11-07-05AM,gps,1.29591373,103.77118,40.0,-2.0,58.0,1.5
2017-03-21-11-07-15AM,1490065635767,1490065635000,2017-03-21-11-07-15AM,gps,1.29564881,103.77143929,51.0,-31.0,102.9,1.5
2017-03-21-11-07-27AM,1490065647769,1490065647000,2017-03-21-11-07-27AM,gps,1.29605636,103.77169953,49.0,-30.0,26.3,0.75
2017-03-21-11-07-33AM,1490065653980,1490065652656,2017-03-21-11-07-32AM,network,1.2963216,103.7727737,22.766,-1.0,-1.0,-1.0
2017-03-21-11-07-46AM,1490065666802,1490065666000,2017-03-21-11-07-46AM,gps,1.29629429,103.77229909,56.0,-26.0,93.5,2.5
2017-03-21-11-07-54AM,1490065674007,1490065665676,2017-03-21-11-07-45AM,network,1.2963191,103.7732263,25.113,-1.0,-1.0,-1.0
2017-03-21-11-08-11AM,1490065691767,1490065691000,2017-03-21-11-08-11AM,gps,1.29644178,103.77222291,118.0,-12.0,139.1,0.25
2017-03-21-11-08-28AM,1490065708768,1490065708000,2017-03-21-11-08-28AM,gps,1.29603187,103.7729202,62.0,-7.0,119.8,2.5
2017-03-21-11-08-33AM,1490065713916,1490065713049,2017-03-21-11-08-33AM,network,1.2967227,103.773,32.016,-1.0,-1.0,-1.0
2017-03-21-11-08-45AM,1490065725768,1490065725000,2017-03-21-11-08-45AM,gps,1.29597731,103.77325149,31.0,46.0,105.0,0.5
2017-03-21-11-08-54AM,1490065734041,1490065725968,2017-03-21-11-08-45AM,network,1.2964654,103.7732263,26.317,-1.0,-1.0,-1.0
2017-03-21-11-09-07AM,1490065747766,1490065747000,2017-03-21-11-09-07AM,gps,1.29575827,103.77320387,30.0,50.0,207.9,2.5
2017-03-21-11-09-13AM,1490065753964,1490065752054,2017-03-21-11-09-12AM,network,1.2964644,103.7734074,37.779,-1.0,-1.0,-1.0
2017-03-21-11-09-26AM,1490065766756,1490065766000,2017-03-21-11-09-26AM,gps,1.29563064,103.77331585,34.0,35.0,203.2,1.25
2017-03-21-11-09-34AM,1490065774058,1490065765067,2017-03-21-11-09-25AM,network,1.2960986,103.7734074,27.999,-1.0,-1.0,-1.0
2017-03-21-11-09-47AM,1490065787809,1490065787000,2017-03-21-11-09-47AM,gps,1.29555009,103.77363552,25.0,43.0,129.6,0.75
2017-03-21-11-09-56AM,1490065796407,1490065791131,2017-03-21-11-09-51AM,network,1.2954392,103.7735885,22.797,-1.0,-1.0,-1.0
2017-03-21-11-10-17AM,1490065817396,1490065804183,2017-03-21-11-10-04AM,network,1.2952919,103.7737696,23.385,-1.0,-1.0,-1.0
2017-03-21-11-10-37AM,1490065837489,1490065830081,2017-03-21-11-10-30AM,network,1.2952924,103.773679,22.109,-1.0,-1.0,-1.0
2017-03-21-11-11-11AM,1490065871662,1490065857344,2017-03-21-11-10-57AM,network,1.2954735,103.7739958,600.0,-1.0,-1.0,-1.0
2017-03-21-11-11-18AM,1490065878225,1490065878133,2017-03-21-11-11-18AM,network,1.2949949,103.7740268,48.9,-1.0,-1.0,-1.0
2017-03-21-11-11-57AM,1490065917591,1490065917505,2017-03-21-11-11-57AM,network,1.2946684,103.7740864,24.387,-1.0,-1.0,-1.0
2017-03-21-11-12-19AM,1490065939522,1490065931867,2017-03-21-11-12-11AM,network,1.2946684,103.7740864,21.908,-1.0,-1.0,-1.0
2017-03-21-11-12-40AM,1490065960110,1490065946385,2017-03-21-11-12-26AM,network,1.2946684,103.7740864,21.905,-1.0,-1.0,-1.0
2017-03-21-11-13-00AM,1490065980166,1490065975120,2017-03-21-11-12-55AM,network,1.2946684,103.7740864,21.903,-1.0,-1.0,-1.0
2017-03-21-11-13-21AM,1490066001913,1490065989361,2017-03-21-11-13-09AM,network,1.2946684,103.7740864,21.898,-1.0,-1.0,-1.0
2017-03-21-11-13-41AM,1490066021950,1490066018164,2017-03-21-11-13-38AM,network,1.2946684,103.7740864,21.886,-1.0,-1.0,-1.0
2017-03-21-11-14-02AM,1490066042476,1490066032421,2017-03-21-11-13-52AM,network,1.2946684,103.7740864,21.885,-1.0,-1.0,-1.0
2017-03-21-11-14-22AM,1490066062784,1490066061085,2017-03-21-11-14-21AM,network,1.2946684,103.7740864,21.908,-1.0,-1.0,-1.0
2017-03-21-11-14-42AM,1490066082568,1490066075410,2017-03-21-11-14-35AM,network,1.2946684,103.7740864,21.91,-1.0,-1.0,-1.0
2017-03-21-11-15-04AM,1490066104235,1490066104121,2017-03-21-11-15-04AM,network,1.2946684,103.7740864,21.891,-1.0,-1.0,-1.0
2017-03-21-11-15-24AM,1490066124419,1490066118450,2017-03-21-11-15-18AM,network,1.2946684,103.7740864,21.915,-1.0,-1.0,-1.0
2017-03-21-11-15-44AM,1490066144238,1490066132818,2017-03-21-11-15-32AM,network,1.2946684,103.7740864,21.892,-1.0,-1.0,-1.0
2017-03-21-11-16-04AM,1490066164232,1490066161542,2017-03-21-11-16-01AM,network,1.2946684,103.7740864,21.887,-1.0,-1.0,-1.0
2017-03-21-11-16-24AM,1490066184234,1490066175859,2017-03-21-11-16-15AM,network,1.2946684,103.7740864,21.877,-1.0,-1.0,-1.0
2017-03-21-11-16-45AM,1490066205568,1490066205285,2017-03-21-11-16-45AM,network,1.2946684,103.7740864,21.873,-1.0,-1.0,-1.0
2017-03-21-11-17-07AM,1490066227810,1490066219717,2017-03-21-11-16-59AM,network,1.2946684,103.7740864,21.909,-1.0,-1.0,-1.0
2017-03-21-11-17-28AM,1490066248614,1490066234124,2017-03-21-11-17-14AM,network,1.2946684,103.7740864,21.923,-1.0,-1.0,-1.0
2017-03-21-11-17-48AM,1490066268904,1490066263124,2017-03-21-11-17-43AM,network,1.2946684,103.7740864,21.857,-1.0,-1.0,-1.0
2017-03-21-11-18-08AM,1490066288608,1490066277437,2017-03-21-11-17-57AM,network,1.2946684,103.7740864,21.873,-1.0,-1.0,-1.0
2017-03-21-11-18-28AM,1490066308605,1490066306048,2017-03-21-11-18-26AM,network,1.2946684,103.7740864,21.894,-1.0,-1.0,-1.0
2017-03-21-11-18-54AM,1490066334261,1490066320440,2017-03-21-11-18-40AM,network,1.2946684,103.7740864,21.896,-1.0,-1.0,-1.0
2017-03-21-11-19-14AM,1490066354731,1490066349086,2017-03-21-11-19-09AM,network,1.2946684,103.7740864,21.873,-1.0,-1.0,-1.0
2017-03-21-11-19-34AM,1490066374430,1490066363509,2017-03-21-11-19-23AM,network,1.2946684,103.7740864,21.894,-1.0,-1.0,-1.0
2017-03-21-11-19-55AM,1490066395464,1490066392287,2017-03-21-11-19-52AM,network,1.2946684,103.7740864,21.896,-1.0,-1.0,-1.0
2017-03-21-11-20-15AM,1490066415563,1490066406691,2017-03-21-11-20-06AM,network,1.2946684,103.7740864,21.916,-1.0,-1.0,-1.0
2017-03-21-11-20-35AM,1490066435607,1490066421074,2017-03-21-11-20-21AM,network,1.2946684,103.7740864,21.91,-1.0,-1.0,-1.0
2017-03-21-11-20-55AM,1490066455576,1490066450140,2017-03-21-11-20-50AM,network,1.2946684,103.7740864,21.903,-1.0,-1.0,-1.0
2017-03-21-11-21-15AM,1490066475857,1490066464597,2017-03-21-11-21-04AM,network,1.2946684,103.7740864,21.901,-1.0,-1.0,-1.0
2017-03-21-11-21-35AM,1490066495786,1490066493515,2017-03-21-11-21-33AM,network,1.2946684,103.7740864,21.906,-1.0,-1.0,-1.0
2017-03-21-11-21-55AM,1490066515883,1490066507867,2017-03-21-11-21-47AM,network,1.2946684,103.7740864,21.907,-1.0,-1.0,-1.0
2017-03-21-11-22-15AM,1490066535832,1490066522366,2017-03-21-11-22-02AM,network,1.2946684,103.7740864,21.908,-1.0,-1.0,-1.0
2017-03-21-11-22-35AM,1490066555905,1490066551299,2017-03-21-11-22-31AM,network,1.2946684,103.7740864,21.891,-1.0,-1.0,-1.0
2017-03-21-11-22-55AM,1490066575824,1490066565836,2017-03-21-11-22-45AM,network,1.2946684,103.7740864,21.9,-1.0,-1.0,-1.0
2017-03-21-11-23-16AM,1490066596933,1490066594695,2017-03-21-11-23-14AM,network,1.2946684,103.7740864,21.895,-1.0,-1.0,-1.0
2017-03-21-11-23-37AM,1490066617028,1490066609127,2017-03-21-11-23-29AM,network,1.2946684,103.7740864,21.894,-1.0,-1.0,-1.0
2017-03-21-11-23-57AM,1490066637011,1490066623515,2017-03-21-11-23-43AM,network,1.2946684,103.7740864,21.893,-1.0,-1.0,-1.0
2017-03-21-11-24-17AM,1490066657102,1490066652537,2017-03-21-11-24-12AM,network,1.2946684,103.7740864,21.88,-1.0,-1.0,-1.0
2017-03-21-11-24-37AM,1490066677226,1490066666891,2017-03-21-11-24-26AM,network,1.2946684,103.7740864,21.886,-1.0,-1.0,-1.0
2017-03-21-11-24-57AM,1490066697195,1490066695771,2017-03-21-11-24-55AM,network,1.2946684,103.7740864,21.904,-1.0,-1.0,-1.0
2017-03-21-11-25-17AM,1490066717321,1490066710150,2017-03-21-11-25-10AM,network,1.2946684,103.7740864,21.889,-1.0,-1.0,-1.0
2017-03-21-11-25-37AM,1490066737220,1490066724610,2017-03-21-11-25-24AM,network,1.2946684,103.7740864,21.894,-1.0,-1.0,-1.0
2017-03-21-11-25-57AM,1490066757283,1490066753448,2017-03-21-11-25-53AM,network,1.2946684,103.7740864,21.892,-1.0,-1.0,-1.0
2017-03-21-11-26-17AM,1490066777784,1490066767851,2017-03-21-11-26-07AM,network,1.2946684,103.7740864,21.907,-1.0,-1.0,-1.0
2017-03-21-11-26-38AM,1490066798310,1490066796787,2017-03-21-11-26-36AM,network,1.2946684,103.7740864,21.909,-1.0,-1.0,-1.0
2017-03-21-11-27-03AM,1490066823384,1490066811238,2017-03-21-11-26-51AM,network,1.2946684,103.7740864,21.908,-1.0,-1.0,-1.0
2017-03-21-11-27-24AM,1490066844625,1490066839876,2017-03-21-11-27-19AM,network,1.2946684,103.7740864,21.896,-1.0,-1.0,-1.0
2017-03-21-11-27-43AM,1490066863452,1490066854153,2017-03-21-11-27-34AM,network,1.2947052,103.7740412,22.12,-1.0,-1.0,-1.0
2017-03-21-11-28-03AM,1490066883499,1490066882808,2017-03-21-11-28-02AM,network,1.2946684,103.7740864,21.892,-1.0,-1.0,-1.0
2017-03-21-11-28-23AM,1490066903677,1490066897116,2017-03-21-11-28-17AM,network,1.2946684,103.7740864,21.928,-1.0,-1.0,-1.0
2017-03-21-11-28-43AM,1490066923598,1490066911466,2017-03-21-11-28-31AM,network,1.2946684,103.7740864,21.903,-1.0,-1.0,-1.0
2017-03-21-11-29-03AM,1490066943757,1490066940077,2017-03-21-11-29-00AM,network,1.2946684,103.7740864,21.921,-1.0,-1.0,-1.0
2017-03-21-11-29-24AM,1490066964140,1490066954460,2017-03-21-11-29-14AM,network,1.2946684,103.7740864,21.921,-1.0,-1.0,-1.0
2017-03-21-11-29-43AM,1490066983950,1490066983284,2017-03-21-11-29-43AM,network,1.2946684,103.7740864,21.938,-1.0,-1.0,-1.0
2017-03-21-11-30-03AM,1490067003890,1490066997667,2017-03-21-11-29-57AM,network,1.2946684,103.7740864,21.928,-1.0,-1.0,-1.0
2017-03-21-11-30-23AM,1490067023937,1490067012064,2017-03-21-11-30-12AM,network,1.2946684,103.7740864,21.924,-1.0,-1.0,-1.0
2017-03-21-11-30-43AM,1490067043888,1490067040835,2017-03-21-11-30-40AM,network,1.2946684,103.7740864,21.925,-1.0,-1.0,-1.0
2017-03-21-11-31-05AM,1490067065650,1490067055193,2017-03-21-11-30-55AM,network,1.2946684,103.7740864,21.933,-1.0,-1.0,-1.0
2017-03-21-11-31-25AM,1490067085757,1490067083946,2017-03-21-11-31-23AM,network,1.2946684,103.7740864,21.91,-1.0,-1.0,-1.0
2017-03-21-11-31-48AM,1490067108797,1490067108716,2017-03-21-11-31-48AM,network,1.2946684,103.7740864,24.373,-1.0,-1.0,-1.0
2017-03-21-11-32-05AM,1490067125872,1490067121863,2017-03-21-11-32-01AM,network,1.294339,103.7741317,22.76,-1.0,-1.0,-1.0
2017-03-21-11-32-25AM,1490067145809,1490067134921,2017-03-21-11-32-14AM,network,1.2943748,103.7742675,23.181,-1.0,-1.0,-1.0
2017-03-21-11-32-46AM,1490067166098,1490067160889,2017-03-21-11-32-40AM,network,1.294118,103.7744033,22.087,-1.0,-1.0,-1.0
2017-03-21-11-32-51AM,1490067171878,1490067171000,2017-03-21-11-32-51AM,gps,1.29397351,103.77463613,31.0,59.0,-1.0,0.0
2017-03-21-11-33-06AM,1490067186017,1490067174068,2017-03-21-11-32-54AM,network,1.2940444,103.7744938,22.662,-1.0,-1.0,-1.0
2017-03-21-11-33-32AM,1490067212741,1490067203355,2017-03-21-11-33-23AM,network,1.2954675,103.7750823,899.999,-1.0,-1.0,-1.0
2017-03-21-11-33-47AM,1490067227619,1490067217651,2017-03-21-11-33-37AM,network,1.2940444,103.7744938,23.297,-1.0,-1.0,-1.0
2017-03-21-11-34-07AM,1490067247555,1490067230329,2017-03-21-11-33-50AM,network,1.2940444,103.7744938,23.297,-1.0,-1.0,-1.0
2017-03-21-11-34-52AM,1490067292031,1490067291889,2017-03-21-11-34-51AM,network,1.2933089,103.7752181,22.035,-1.0,-1.0,-1.0
2017-03-21-11-35-08AM,1490067308251,1490067306282,2017-03-21-11-35-06AM,network,1.2933089,103.7752181,22.073,-1.0,-1.0,-1.0
2017-03-21-11-35-29AM,1490067329445,1490067321315,2017-03-21-11-35-21AM,network,1.2931626,103.7752181,26.841,-1.0,-1.0,-1.0
2017-03-21-11-35-52AM,1490067352425,1490067352367,2017-03-21-11-35-52AM,network,1.293183,103.7753967,110.0,-1.0,-1.0,-1.0
2017-03-21-11-36-09AM,1490067369778,1490067369573,2017-03-21-11-36-09AM,network,1.2954675,103.7750823,699.999,-1.0,-1.0,-1.0
2017-03-21-11-36-49AM,1490067409749,1490067404038,2017-03-21-11-36-44AM,network,1.2931631,103.7751276,29.186,-1.0,-1.0,-1.0
2017-03-21-11-37-09AM,1490067429825,1490067417042,2017-03-21-11-36-57AM,network,1.2935283,103.7752181,23.648,-1.0,-1.0,-1.0
2017-03-21-11-37-29AM,1490067449873,1490067442850,2017-03-21-11-37-22AM,network,1.2931651,103.7747655,29.772,-1.0,-1.0,-1.0
2017-03-21-11-37-49AM,1490067469854,1490067468541,2017-03-21-11-37-48AM,network,1.2932367,103.7750371,26.54,-1.0,-1.0,-1.0
2017-03-21-11-38-11AM,1490067491881,1490067481467,2017-03-21-11-38-01AM,network,1.2930914,103.774856,28.949,-1.0,-1.0,-1.0
2017-03-21-11-38-32AM,1490067512291,1490067507276,2017-03-21-11-38-27AM,network,1.2932367,103.7750371,22.121,-1.0,-1.0,-1.0
2017-03-21-11-38-52AM,1490067532482,1490067520116,2017-03-21-11-38-40AM,network,1.2930551,103.7748107,24.891,-1.0,-1.0,-1.0
2017-03-21-11-39-16AM,1490067556346,1490067553542,2017-03-21-11-39-13AM,network,1.2922509,103.7747201,699.999,-1.0,-1.0,-1.0
2017-03-21-11-39-34AM,1490067574154,1490067568880,2017-03-21-11-39-28AM,network,1.2925814,103.7744938,50.0,-1.0,-1.0,-1.0
2017-03-21-11-39-55AM,1490067595049,1490067594914,2017-03-21-11-39-54AM,network,1.2919982,103.7741317,23.924,-1.0,-1.0,-1.0
2017-03-21-11-40-15AM,1490067615871,1490067608045,2017-03-21-11-40-08AM,network,1.2920734,103.7737696,28.462,-1.0,-1.0,-1.0
2017-03-21-11-40-35AM,1490067635852,1490067634187,2017-03-21-11-40-34AM,network,1.2929541,103.7732263,50.0,-1.0,-1.0,-1.0
2017-03-21-11-40-56AM,1490067656225,1490067647213,2017-03-21-11-40-47AM,network,1.2939081,103.7726831,50.0,-1.0,-1.0,-1.0
2017-03-21-11-41-15AM,1490067675927,1490067673245,2017-03-21-11-41-13AM,network,1.2926706,103.7715967,50.0,-1.0,-1.0,-1.0
2017-03-21-11-41-36AM,1490067696875,1490067686540,2017-03-21-11-41-26AM,network,1.2942395,103.7722757,35.825,-1.0,-1.0,-1.0
2017-03-21-11-41-57AM,1490067717125,1490067712761,2017-03-21-11-41-52AM,network,1.2948157,103.7739054,38.953,-1.0,-1.0,-1.0
2017-03-21-11-42-04AM,1490067724583,1490067723806,2017-03-21-11-42-03AM,gps,1.29440935,103.77385,17.0,50.0,171.7,4.75
2017-03-21-11-42-16AM,1490067736812,1490067736000,2017-03-21-11-42-16AM,gps,1.29429429,103.7736378,14.0,44.0,229.1,0.25
2017-03-21-11-42-27AM,1490067747752,1490067747000,2017-03-21-11-42-27AM,gps,1.29422171,103.77377739,7.0,35.0,-1.0,0.0
2017-03-21-11-42-37AM,1490067757758,1490067757000,2017-03-21-11-42-37AM,gps,1.29422769,103.77375703,13.0,29.0,-1.0,0.0
2017-03-21-11-42-48AM,1490067768563,1490067767807,2017-03-21-11-42-47AM,gps,1.29432455,103.77362134,9.0,56.0,290.9,2.5
2017-03-21-11-43-00AM,1490067780165,1490067778459,2017-03-21-11-42-58AM,network,1.2948147,103.7740864,50.0,-1.0,-1.0,-1.0
2017-03-21-11-43-07AM,1490067787747,1490067787000,2017-03-21-11-43-07AM,gps,1.29451127,103.77288869,27.0,43.0,282.9,4.0
2017-03-21-11-43-19AM,1490067799755,1490067799000,2017-03-21-11-43-19AM,gps,1.29424634,103.77263752,18.0,63.0,218.7,3.75
2017-03-21-11-43-25AM,1490067805203,1490067804569,2017-03-21-11-43-24AM,network,1.2950089,103.7720494,50.0,-1.0,-1.0,-1.0
2017-03-21-11-43-39AM,1490067819557,1490067818808,2017-03-21-11-43-38AM,gps,1.29364182,103.77212291,17.0,55.0,235.8,3.75
2017-03-21-11-43-58AM,1490067838805,1490067838000,2017-03-21-11-43-58AM,gps,1.29346261,103.77196653,20.0,36.0,281.8,3.25
2017-03-21-11-44-05AM,1490067845521,1490067843844,2017-03-21-11-44-03AM,network,1.2927382,103.7716323,135.6,-1.0,-1.0,-1.0
2017-03-21-11-44-20AM,1490067860568,1490067859808,2017-03-21-11-44-19AM,gps,1.29419604,103.77057705,9.0,29.0,338.4,6.0
2017-03-21-11-44-40AM,1490067880570,1490067879808,2017-03-21-11-44-39AM,gps,1.29512073,103.77066907,7.0,69.0,358.0,3.5
2017-03-21-11-44-50AM,1490067890559,1490067889809,2017-03-21-11-44-49AM,gps,1.2954651,103.77055449,12.0,46.0,12.8,1.5
2017-03-21-11-45-00AM,1490067900767,1490067900000,2017-03-21-11-45-00AM,gps,1.29525121,103.77080713,27.0,37.0,-1.0,0.0
2017-03-21-11-45-11AM,1490067911559,1490067910809,2017-03-21-11-45-10AM,gps,1.29528582,103.77059846,23.0,22.0,226.0,0.25
2017-03-21-11-45-21AM,1490067921699,1490067920809,2017-03-21-11-45-20AM,gps,1.29606439,103.77051112,25.0,134.0,44.5,4.5
2017-03-21-11-45-32AM,1490067932585,1490067931809,2017-03-21-11-45-31AM,gps,1.29606834,103.77083543,19.0,52.0,357.9,1.75
2017-03-21-11-45-42AM,1490067942788,1490067942000,2017-03-21-11-45-42AM,gps,1.29596817,103.77066032,19.0,35.0,357.9,0.75
2017-03-21-11-45-52AM,1490067952774,1490067952000,2017-03-21-11-45-52AM,gps,1.2960611,103.77073588,12.0,68.0,357.9,0.25
2017-03-21-11-46-03AM,1490067963439,1490067961475,2017-03-21-11-46-01AM,network,1.2932311,103.7732083,92.9,-1.0,-1.0,-1.0
2017-03-21-11-46-21AM,1490067981754,1490067981000,2017-03-21-11-46-21AM,gps,1.29606196,103.77083032,26.0,61.0,-1.0,0.0
2017-03-21-11-46-31AM,1490067991812,1490067991000,2017-03-21-11-46-31AM,gps,1.2960799,103.77080923,23.0,58.0,-1.0,0.0
2017-03-21-11-46-42AM,1490068002757,1490068002000,2017-03-21-11-46-42AM,gps,1.29612336,103.77078836,22.0,60.0,-1.0,0.0
2017-03-21-11-46-53AM,1490068013566,1490068012810,2017-03-21-11-46-52AM,gps,1.2962748,103.77091023,21.0,34.0,92.3,2.75
2017-03-21-11-47-03AM,1490068023747,1490068023000,2017-03-21-11-47-03AM,gps,1.29613588,103.77078919,15.0,51.0,-1.0,0.0
2017-03-21-11-47-13AM,1490068033745,1490068033000,2017-03-21-11-47-13AM,gps,1.29614797,103.77080617,22.0,46.0,-1.0,0.0
2017-03-21-11-47-34AM,1490068054579,1490068053811,2017-03-21-11-47-33AM,gps,1.2962145,103.77100573,16.0,25.0,260.4,0.25
2017-03-21-11-47-45AM,1490068065619,1490068064811,2017-03-21-11-47-44AM,gps,1.29628273,103.77098132,14.0,51.0,296.5,3.75
2017-03-21-11-48-05AM,1490068085613,1490068084811,2017-03-21-11-48-04AM,gps,1.29661546,103.7720631,12.0,74.0,41.0,7.75
2017-03-21-11-48-24AM,1490068104756,1490068104000,2017-03-21-11-48-24AM,gps,1.29728573,103.77266036,26.0,89.0,-1.0,0.0
2017-03-21-11-48-35AM,1490068115593,1490068114813,2017-03-21-11-48-34AM,gps,1.29722346,103.77269522,10.0,96.0,64.8,0.5
2017-03-21-11-48-46AM,1490068126589,1490068125812,2017-03-21-11-48-45AM,gps,1.2972398,103.77264009,14.0,58.0,-1.0,0.0
2017-03-21-11-48-56AM,1490068136565,1490068135812,2017-03-21-11-48-55AM,gps,1.29719881,103.77267675,12.0,61.0,157.0,1.25
2017-03-21-11-49-16AM,1490068156567,1490068155812,2017-03-21-11-49-15AM,gps,1.29718677,103.77270639,10.0,71.0,202.1,0.25
2017-03-21-11-49-27AM,1490068167598,1490068166812,2017-03-21-11-49-26AM,gps,1.29734808,103.77283772,22.0,79.0,52.6,3.25
2017-03-21-11-49-37AM,1490068177563,1490068176813,2017-03-21-11-49-36AM,gps,1.29786972,103.77289808,27.0,60.0,356.3,4.75
2017-03-21-11-49-47AM,1490068187570,1490068186812,2017-03-21-11-49-46AM,gps,1.29831843,103.7736535,13.0,56.0,61.6,8.25
2017-03-21-11-49-57AM,1490068197788,1490068197000,2017-03-21-11-49-57AM,gps,1.29858829,103.77404342,36.0,-24.0,25.8,6.75
2017-03-21-11-50-09AM,1490068209048,1490068204865,2017-03-21-11-50-04AM,network,1.3024947,103.774358,600.0,-1.0,-1.0,-1.0
2017-03-21-11-50-17AM,1490068217568,1490068216813,2017-03-21-11-50-16AM,gps,1.29934232,103.77427776,15.0,103.0,66.8,1.25
2017-03-21-11-50-36AM,1490068236777,1490068236000,2017-03-21-11-50-36AM,gps,1.29918399,103.77423679,27.0,10.0,24.4,4.0
2017-03-21-11-50-47AM,1490068247574,1490068246000,2017-03-21-11-50-46AM,gps,1.29968656,103.77440252,19.0,5.0,10.9,6.25
2017-03-21-11-50-57AM,1490068257571,1490068256814,2017-03-21-11-50-56AM,gps,1.30022003,103.77430797,12.0,41.0,341.8,5.5
2017-03-21-11-51-08AM,1490068268563,1490068267814,2017-03-21-11-51-07AM,gps,1.30080668,103.77369831,9.0,25.0,294.7,5.25
2017-03-21-11-51-27AM,1490068287757,1490068287000,2017-03-21-11-51-27AM,gps,1.30120006,103.77316064,9.0,19.0,55.5,3.25
2017-03-21-11-51-32AM,1490068292809,1490068287593,2017-03-21-11-51-27AM,network,1.3005229,103.7737243,23.188,-1.0,-1.0,-1.0
2017-03-21-11-51-48AM,1490068308597,1490068307814,2017-03-21-11-51-47AM,gps,1.3010653,103.77372323,9.0,22.0,115.6,0.25
2017-03-21-11-51-56AM,1490068316277,1490068313775,2017-03-21-11-51-53AM,network,1.3004171,103.7734012,122.4,-1.0,-1.0,-1.0
2017-03-21-11-52-09AM,1490068329567,1490068328814,2017-03-21-11-52-08AM,gps,1.30103923,103.77375779,9.0,14.0,124.9,0.5
2017-03-21-11-52-28AM,1490068348749,1490068348000,2017-03-21-11-52-28AM,gps,1.3008932,103.77417025,17.0,19.0,97.5,4.5
2017-03-21-11-52-33AM,1490068353985,1490068352848,2017-03-21-11-52-32AM,network,1.301828,103.7700474,116.1,-1.0,-1.0,-1.0
2017-03-21-11-52-48AM,1490068368567,1490068367815,2017-03-21-11-52-47AM,gps,1.30266484,103.77400228,26.0,7.0,341.3,7.75
2017-03-21-11-52-59AM,1490068379568,1490068378815,2017-03-21-11-52-58AM,gps,1.30332471,103.77395454,17.0,56.0,17.8,4.75
2017-03-21-11-53-18AM,1490068398496,1490068382451,2017-03-21-11-53-02AM,network,1.3036755,103.7725473,600.0,-1.0,-1.0,-1.0
2017-03-21-11-53-29AM,1490068409763,1490068409000,2017-03-21-11-53-29AM,gps,1.30339187,103.77453343,38.0,42.0,341.0,0.5
2017-03-21-11-53-36AM,1490068416790,1490068398617,2017-03-21-11-53-18AM,network,1.3024968,103.7739958,600.0,-1.0,-1.0,-1.0
2017-03-21-11-53-49AM,1490068429565,1490068428000,2017-03-21-11-53-48AM,gps,1.30342966,103.77443204,53.0,40.0,-1.0,0.0
2017-03-21-11-54-03AM,1490068443762,1490068443000,2017-03-21-11-54-03AM,gps,1.30353181,103.77403075,32.0,36.0,-1.0,0.0
2017-03-21-11-54-13AM,1490068453792,1490068453000,2017-03-21-11-54-13AM,gps,1.30359274,103.77403954,34.0,33.0,-1.0,0.0
2017-03-21-11-54-24AM,1490068464767,1490068464000,2017-03-21-11-54-24AM,gps,1.30370594,103.77404358,35.0,25.0,-1.0,0.0
2017-03-21-11-54-34AM,1490068474780,1490068474000,2017-03-21-11-54-34AM,gps,1.30371636,103.77402995,28.0,25.0,-1.0,0.0
2017-03-21-11-54-46AM,1490068486755,1490068486000,2017-03-21-11-54-46AM,gps,1.30376492,103.77401658,27.0,31.0,-1.0,0.0
2017-03-21-11-54-56AM,1490068496246,1490068483801,2017-03-21-11-54-43AM,network,1.3038995,103.7739179,98.4,-1.0,-1.0,-1.0
2017-03-21-11-55-17AM,1490068517775,1490068517000,2017-03-21-11-55-17AM,gps,1.30377335,103.77400841,36.0,27.0,-1.0,0.0
2017-03-21-11-55-27AM,1490068527779,1490068527000,2017-03-21-11-55-27AM,gps,1.30378719,103.77400238,125.0,26.0,-1.0,0.0
2017-03-21-11-55-36AM,1490068536231,1490068535996,2017-03-21-11-55-35AM,network,1.3043633,103.7738601,26.152,-1.0,-1.0,-1.0
2017-03-21-11-55-56AM,1490068556582,1490068555000,2017-03-21-11-55-55AM,gps,1.30380191,103.77399041,49.0,26.0,-1.0,0.0
2017-03-21-11-56-06AM,1490068566763,1490068566000,2017-03-21-11-56-06AM,gps,1.30384764,103.77397227,116.0,23.0,-1.0,0.0
2017-03-21-11-56-16AM,1490068576450,1490068575238,2017-03-21-11-56-15AM,network,1.3043648,103.7735885,25.188,-1.0,-1.0,-1.0
2017-03-21-11-56-31AM,1490068591740,1490068591000,2017-03-21-11-56-31AM,gps,1.30385864,103.77395382,133.0,23.0,-1.0,0.0
2017-03-21-11-56-38AM,1490068598549,1490068588227,2017-03-21-11-56-28AM,network,1.3042912,103.773679,22.91,-1.0,-1.0,-1.0
2017-03-21-11-57-04AM,1490068624218,1490068614248,2017-03-21-11-56-54AM,network,1.3048765,103.773679,22.117,-1.0,-1.0,-1.0
2017-03-21-11-57-20AM,1490068640233,1490068627214,2017-03-21-11-57-07AM,network,1.3049118,103.7739054,26.929,-1.0,-1.0,-1.0
2017-03-21-11-57-40AM,1490068660687,1490068653345,2017-03-21-11-57-33AM,network,1.3051697,103.7735885,22.684,-1.0,-1.0,-1.0
2017-03-21-11-57-59AM,1490068679767,1490068679000,2017-03-21-11-57-59AM,gps,1.3040125,103.77392937,62.0,23.0,-1.0,0.0
2017-03-21-11-58-16AM,1490068696754,1490068696000,2017-03-21-11-58-16AM,gps,1.30437264,103.77363639,142.0,0.0,333.7,1.0
2017-03-21-11-58-35AM,1490068715766,1490068715000,2017-03-21-11-58-35AM,gps,1.30541233,103.77336846,89.0,-110.0,349.2,2.5
2017-03-21-11-58-43AM,1490068723539,1490068718288,2017-03-21-11-58-38AM,network,1.3053882,103.7737696,23.704,-1.0,-1.0,-1.0
2017-03-21-11-58-53AM,1490068733756,1490068733000,2017-03-21-11-58-53AM,gps,1.30545719,103.77303342,42.0,-110.0,294.2,1.75
2017-03-21-11-59-03AM,1490068743775,1490068743000,2017-03-21-11-59-03AM,gps,1.30556236,103.77304012,41.0,-101.0,240.2,1.0
2017-03-21-11-59-23AM,1490068763619,1490068757123,2017-03-21-11-59-17AM,network,1.3059403,103.7731811,21.95,-1.0,-1.0,-1.0
2017-03-21-11-59-44AM,1490068784169,1490068784057,2017-03-21-11-59-44AM,network,1.3058318,103.7729547,24.363,-1.0,-1.0,-1.0
2017-03-21-12-00-04PM,1490068804231,1490068798075,2017-03-21-11-59-58AM,network,1.3056854,103.7729547,22.083,-1.0,-1.0,-1.0
2017-03-21-12-00-25PM,1490068825134,1490068822981,2017-03-21-12-00-22PM,network,1.3056854,103.7729547,22.629,-1.0,-1.0,-1.0
2017-03-21-12-00-39PM,1490068839748,1490068839000,2017-03-21-12-00-39PM,gps,1.30515557,103.77333639,26.0,64.0,121.8,1.25
2017-03-21-12-00-45PM,1490068845197,1490068835952,2017-03-21-12-00-35PM,network,1.3056854,103.7729547,23.96,-1.0,-1.0,-1.0
2017-03-21-12-00-52PM,1490068852568,1490068851000,2017-03-21-12-00-51PM,gps,1.30526121,103.77351639,38.0,30.0,36.3,2.0
2017-03-21-12-01-05PM,1490068865020,1490068848806,2017-03-21-12-00-48PM,network,1.3053539,103.7733621,21.957,-1.0,-1.0,-1.0
2017-03-21-12-01-10PM,1490068870604,1490068869000,2017-03-21-12-01-09PM,gps,1.30531824,103.77327279,25.0,41.0,-1.0,0.0
2017-03-21-12-01-26PM,1490068886083,1490068884440,2017-03-21-12-01-24PM,network,1.3053912,103.7732263,24.871,-1.0,-1.0,-1.0
2017-03-21-12-01-39PM,1490068899747,1490068899000,2017-03-21-12-01-39PM,gps,1.30537867,103.77335621,22.0,23.0,-1.0,0.0
2017-03-21-12-01-46PM,1490068906157,1490068895884,2017-03-21-12-01-35PM,network,1.3055376,103.7732263,23.228,-1.0,-1.0,-1.0
2017-03-21-12-02-00PM,1490068920751,1490068920000,2017-03-21-12-02-00PM,gps,1.30538685,103.77337621,6.0,21.0,-1.0,0.0
2017-03-21-12-02-06PM,1490068926153,1490068918663,2017-03-21-12-01-58PM,network,1.3054644,103.7732263,24.04,-1.0,-1.0,-1.0
2017-03-21-12-02-20PM,1490068940768,1490068940000,2017-03-21-12-02-20PM,gps,1.30538144,103.77340166,15.0,21.0,-1.0,0.0
2017-03-21-12-02-30PM,1490068950809,1490068950000,2017-03-21-12-02-30PM,gps,1.30538035,103.77341065,17.0,21.0,-1.0,0.0
2017-03-21-12-02-41PM,1490068961766,1490068961000,2017-03-21-12-02-41PM,gps,1.30538183,103.77341453,21.0,21.0,-1.0,0.0
2017-03-21-12-02-51PM,1490068971746,1490068971000,2017-03-21-12-02-51PM,gps,1.30537873,103.77342555,24.0,22.0,-1.0,0.0
2017-03-21-12-03-01PM,1490068981796,1490068981000,2017-03-21-12-03-01PM,gps,1.30537712,103.77343398,13.0,22.0,-1.0,0.0
2017-03-21-12-03-11PM,1490068991768,1490068991000,2017-03-21-12-03-11PM,gps,1.30537443,103.773444,22.0,22.0,-1.0,0.0
2017-03-21-12-03-21PM,1490069001842,1490069001000,2017-03-21-12-03-21PM,gps,1.3053746,103.77345287,28.0,22.0,-1.0,0.0
2017-03-21-12-03-32PM,1490069012753,1490069012000,2017-03-21-12-03-32PM,gps,1.30537733,103.77344778,26.0,21.0,-1.0,0.0
2017-03-21-12-03-42PM,1490069022795,1490069022000,2017-03-21-12-03-42PM,gps,1.30537828,103.77344798,29.0,21.0,-1.0,0.0
2017-03-21-12-03-52PM,1490069032743,1490069032000,2017-03-21-12-03-52PM,gps,1.30537766,103.77344488,18.0,21.0,-1.0,0.0
2017-03-21-12-04-02PM,1490069042793,1490069042000,2017-03-21-12-04-02PM,gps,1.30537652,103.77343872,13.0,21.0,-1.0,0.0
2017-03-21-12-04-08PM,1490069048649,1490069044398,2017-03-21-12-04-04PM,network,1.3054276,103.7732716,22.506,-1.0,-1.0,-1.0
2017-03-21-12-04-13PM,1490069053798,1490069053000,2017-03-21-12-04-13PM,gps,1.30537521,103.77343297,7.0,22.0,-1.0,0.0
2017-03-21-12-04-23PM,1490069063903,1490069063000,2017-03-21-12-04-23PM,gps,1.30537378,103.77342678,9.0,22.0,-1.0,0.0
2017-03-21-12-04-44PM,1490069084794,1490069084000,2017-03-21-12-04-44PM,gps,1.3053695,103.77341601,12.0,23.0,-1.0,0.0
2017-03-21-12-04-54PM,1490069094743,1490069094000,2017-03-21-12-04-54PM,gps,1.30536966,103.7734192,9.0,23.0,-1.0,0.0
2017-03-21-12-05-04PM,1490069104899,1490069104000,2017-03-21-12-05-04PM,gps,1.30537095,103.77341983,14.0,23.0,-1.0,0.0
2017-03-21-12-05-25PM,1490069125769,1490069125000,2017-03-21-12-05-25PM,gps,1.30537153,103.77342289,20.0,23.0,-1.0,0.0
2017-03-21-12-05-35PM,1490069135750,1490069135000,2017-03-21-12-05-35PM,gps,1.30537314,103.77342439,11.0,23.0,-1.0,0.0
2017-03-21-12-05-45PM,1490069145750,1490069145000,2017-03-21-12-05-45PM,gps,1.30537413,103.77342682,12.0,23.0,-1.0,0.0
2017-03-21-12-05-55PM,1490069155761,1490069155000,2017-03-21-12-05-55PM,gps,1.30537478,103.77342804,28.0,23.0,-1.0,0.0
2017-03-21-12-06-05PM,1490069165746,1490069165000,2017-03-21-12-06-05PM,gps,1.3053764,103.77342487,29.0,23.0,-1.0,0.0
2017-03-21-12-06-17PM,1490069177776,1490069177000,2017-03-21-12-06-17PM,gps,1.30537609,103.7734265,30.0,23.0,-1.0,0.0
2017-03-21-12-06-29PM,1490069189374,1490069182961,2017-03-21-12-06-22PM,network,1.3056107,103.7732263,22.573,-1.0,-1.0,-1.0
2017-03-21-12-06-36PM,1490069196749,1490069196000,2017-03-21-12-06-36PM,gps,1.30537596,103.77342586,22.0,22.0,-1.0,0.0
2017-03-21-12-06-46PM,1490069206743,1490069206000,2017-03-21-12-06-46PM,gps,1.30537638,103.77342205,26.0,22.0,-1.0,0.0
2017-03-21-12-06-57PM,1490069217822,1490069217000,2017-03-21-12-06-57PM,gps,1.30537576,103.7734247,16.0,22.0,-1.0,0.0
2017-03-21-12-07-08PM,1490069228749,1490069228000,2017-03-21-12-07-08PM,gps,1.3053747,103.77342857,23.0,21.0,-1.0,0.0
2017-03-21-12-07-18PM,1490069238759,1490069238000,2017-03-21-12-07-18PM,gps,1.30537398,103.77342852,25.0,21.0,-1.0,0.0
2017-03-21-12-07-28PM,1490069248755,1490069248000,2017-03-21-12-07-28PM,gps,1.3053738,103.77342629,44.0,22.0,-1.0,0.0
2017-03-21-12-07-34PM,1490069254782,1490069254677,2017-03-21-12-07-34PM,network,1.3056839,103.7732263,25.075,-1.0,-1.0,-1.0
2017-03-21-12-07-50PM,1490069270726,1490069268904,2017-03-21-12-07-48PM,network,1.3053912,103.7732263,25.985,-1.0,-1.0,-1.0
2017-03-21-12-07-58PM,1490069278740,1490069278000,2017-03-21-12-07-58PM,gps,1.30537559,103.7734279,24.0,20.0,-1.0,0.0
2017-03-21-12-08-09PM,1490069289769,1490069289000,2017-03-21-12-08-09PM,gps,1.3053755,103.773428,31.0,21.0,-1.0,0.0
2017-03-21-12-08-20PM,1490069300747,1490069300000,2017-03-21-12-08-20PM,gps,1.30537551,103.77342475,19.0,21.0,-1.0,0.0
2017-03-21-12-08-30PM,1490069310652,1490069301663,2017-03-21-12-08-21PM,network,1.3053912,103.7732263,24.026,-1.0,-1.0,-1.0
2017-03-21-12-08-40PM,1490069320782,1490069320000,2017-03-21-12-08-40PM,gps,1.30537612,103.77342327,24.0,21.0,-1.0,0.0
2017-03-21-12-08-51PM,1490069331069,1490069330000,2017-03-21-12-08-50PM,gps,1.30537671,103.77342434,47.0,20.0,-1.0,0.0
2017-03-21-12-09-01PM,1490069341776,1490069341000,2017-03-21-12-09-01PM,gps,1.30537688,103.7734238,26.0,20.0,-1.0,0.0
2017-03-21-12-09-10PM,1490069350767,1490069343415,2017-03-21-12-09-03PM,network,1.3053912,103.7732263,24.026,-1.0,-1.0,-1.0
2017-03-21-12-09-30PM,1490069370788,1490069370000,2017-03-21-12-09-30PM,gps,1.30537689,103.77342335,24.0,21.0,-1.0,0.0
2017-03-21-12-09-41PM,1490069381751,1490069381000,2017-03-21-12-09-41PM,gps,1.3053774,103.77342458,29.0,20.0,-1.0,0.0
2017-03-21-12-09-50PM,1490069390886,1490069386274,2017-03-21-12-09-46PM,network,1.3053912,103.7732263,24.026,-1.0,-1.0,-1.0
2017-03-21-12-10-02PM,1490069402753,1490069402000,2017-03-21-12-10-02PM,gps,1.30537726,103.773423,41.0,20.0,-1.0,0.0
2017-03-21-12-10-10PM,1490069410878,1490069400486,2017-03-21-12-10-00PM,network,1.3053912,103.7732263,24.989,-1.0,-1.0,-1.0
2017-03-21-12-10-22PM,1490069422788,1490069422000,2017-03-21-12-10-22PM,gps,1.30537706,103.77342211,37.0,20.0,-1.0,0.0
2017-03-21-12-10-31PM,1490069431864,1490069422914,2017-03-21-12-10-22PM,network,1.3053912,103.7732263,24.989,-1.0,-1.0,-1.0
2017-03-21-12-10-43PM,1490069443744,1490069443000,2017-03-21-12-10-43PM,gps,1.30537618,103.77342505,20.0,19.0,-1.0,0.0
2017-03-21-12-10-51PM,1490069451921,1490069443736,2017-03-21-12-10-43PM,network,1.3056839,103.7732263,23.661,-1.0,-1.0,-1.0
2017-03-21-12-11-04PM,1490069464764,1490069464000,2017-03-21-12-11-04PM,gps,1.30537729,103.77342557,48.0,20.0,-1.0,0.0
2017-03-21-12-11-11PM,1490069471890,1490069464901,2017-03-21-12-11-04PM,network,1.3056839,103.7732263,23.661,-1.0,-1.0,-1.0
2017-03-21-12-11-24PM,1490069484747,1490069484000,2017-03-21-12-11-24PM,gps,1.30537596,103.77342081,27.0,19.0,-1.0,0.0
2017-03-21-12-11-31PM,1490069491952,1490069485533,2017-03-21-12-11-25PM,network,1.3056839,103.7732263,23.661,-1.0,-1.0,-1.0
2017-03-21-12-11-52PM,1490069512120,1490069506344,2017-03-21-12-11-46PM,network,1.3056839,103.7732263,23.661,-1.0,-1.0,-1.0
2017-03-21-12-12-06PM,1490069526577,1490069525000,2017-03-21-12-12-05PM,gps,1.30537629,103.77341974,22.0,19.0,-1.0,0.0
2017-03-21-12-12-12PM,1490069532249,1490069527326,2017-03-21-12-12-07PM,network,1.3056839,103.7732263,23.661,-1.0,-1.0,-1.0
2017-03-21-12-12-26PM,1490069546586,1490069545000,2017-03-21-12-12-25PM,gps,1.3053751199999999,103.7734209,25.0,19.0,-1.0,0.0
2017-03-21-12-12-33PM,1490069553332,1490069540362,2017-03-21-12-12-20PM,network,1.3056466,103.7733621,24.592,-1.0,-1.0,-1.0
2017-03-21-12-12-47PM,1490069567597,1490069566000,2017-03-21-12-12-46PM,gps,1.30537541,103.77341973,11.0,19.0,-1.0,0.0
2017-03-21-12-12-53PM,1490069573433,1490069566380,2017-03-21-12-12-46PM,network,1.3054644,103.7732263,22.12,-1.0,-1.0,-1.0
2017-03-21-12-13-07PM,1490069587573,1490069586832,2017-03-21-12-13-06PM,gps,1.30491702,103.77300483,21.0,69.0,343.3,2.75
2017-03-21-12-13-13PM,1490069593388,1490069592317,2017-03-21-12-13-12PM,network,1.3053907,103.7733169,24.029,-1.0,-1.0,-1.0
2017-03-21-12-13-26PM,1490069606752,1490069606000,2017-03-21-12-13-26PM,gps,1.30537556,103.77341883,33.0,19.0,-1.0,0.0
2017-03-21-12-13-35PM,1490069615696,1490069605501,2017-03-21-12-13-25PM,network,1.3053922,103.7730453,24.705,-1.0,-1.0,-1.0
2017-03-21-12-13-56PM,1490069636768,1490069631436,2017-03-21-12-13-51PM,network,1.3055032,103.7728189,23.189,-1.0,-1.0,-1.0
2017-03-21-12-14-08PM,1490069648762,1490069648000,2017-03-21-12-14-08PM,gps,1.30515424,103.77285061,24.0,56.0,201.1,1.25
2017-03-21-12-14-16PM,1490069656739,1490069644238,2017-03-21-12-14-04PM,network,1.3053196,103.7729547,27.659,-1.0,-1.0,-1.0
2017-03-21-12-14-30PM,1490069670582,1490069669000,2017-03-21-12-14-29PM,gps,1.30494309,103.77262969,25.0,38.0,193.5,1.25
2017-03-21-12-14-37PM,1490069677322,1490069669881,2017-03-21-12-14-29PM,network,1.3049562,103.7725021,24.025,-1.0,-1.0,-1.0
2017-03-21-12-14-57PM,1490069697255,1490069695668,2017-03-21-12-14-55PM,network,1.3048836,103.7724115,22.798,-1.0,-1.0,-1.0
2017-03-21-12-15-18PM,1490069718968,1490069708772,2017-03-21-12-15-08PM,network,1.3047736,103.7724568,21.943,-1.0,-1.0,-1.0
2017-03-21-12-15-40PM,1490069740095,1490069734825,2017-03-21-12-15-34PM,network,1.3046615,103.7728642,29.025,-1.0,-1.0,-1.0
2017-03-21-12-16-00PM,1490069760488,1490069747793,2017-03-21-12-15-47PM,network,1.304442,103.7728642,22.573,-1.0,-1.0,-1.0
2017-03-21-12-16-20PM,1490069780677,1490069773575,2017-03-21-12-16-13PM,network,1.3044789,103.7728189,21.897,-1.0,-1.0,-1.0
2017-03-21-12-16-40PM,1490069800747,1490069799771,2017-03-21-12-16-39PM,network,1.3045515,103.7729095,22.477,-1.0,-1.0,-1.0
2017-03-21-12-17-03PM,1490069823174,1490069812817,2017-03-21-12-16-52PM,network,1.3046252,103.7728189,23.179,-1.0,-1.0,-1.0
2017-03-21-12-17-23PM,1490069843884,1490069838727,2017-03-21-12-17-18PM,network,1.3047357,103.7726831,21.977,-1.0,-1.0,-1.0
2017-03-21-12-17-43PM,1490069863875,1490069851680,2017-03-21-12-17-31PM,network,1.3047357,103.7726831,21.999,-1.0,-1.0,-1.0
2017-03-21-12-18-04PM,1490069884016,1490069877693,2017-03-21-12-17-57PM,network,1.3047357,103.7726831,21.926,-1.0,-1.0,-1.0
2017-03-21-12-18-23PM,1490069903935,1490069903558,2017-03-21-12-18-23PM,network,1.304662,103.7727737,22.066,-1.0,-1.0,-1.0
2017-03-21-12-18-44PM,1490069924021,1490069916569,2017-03-21-12-18-36PM,network,1.3045884,103.7728642,22.902,-1.0,-1.0,-1.0
2017-03-21-12-19-04PM,1490069944052,1490069942731,2017-03-21-12-19-02PM,network,1.3045147,103.7729547,22.059,-1.0,-1.0,-1.0
2017-03-21-12-19-25PM,1490069965886,1490069955687,2017-03-21-12-19-15PM,network,1.3045869,103.7731358,22.109,-1.0,-1.0,-1.0
2017-03-21-12-19-46PM,1490069986988,1490069981775,2017-03-21-12-19-41PM,network,1.3045137,103.7731358,22.011,-1.0,-1.0,-1.0
2017-03-21-12-20-07PM,1490070007896,1490070007827,2017-03-21-12-20-07PM,network,1.3045874,103.7730453,22.12,-1.0,-1.0,-1.0
2017-03-21-12-20-29PM,1490070029782,1490070020818,2017-03-21-12-20-20PM,network,1.3044779,103.773,21.938,-1.0,-1.0,-1.0
2017-03-21-12-20-50PM,1490070050569,1490070046834,2017-03-21-12-20-46PM,network,1.3045874,103.7730453,22.12,-1.0,-1.0,-1.0
2017-03-21-12-21-10PM,1490070070615,1490070059751,2017-03-21-12-20-59PM,network,1.3045874,103.7730453,23.362,-1.0,-1.0,-1.0
2017-03-21-12-21-30PM,1490070090871,1490070085660,2017-03-21-12-21-25PM,network,1.3046232,103.7731811,24.608,-1.0,-1.0,-1.0
2017-03-21-12-21-50PM,1490070110889,1490070098598,2017-03-21-12-21-38PM,network,1.3046232,103.7731811,24.608,-1.0,-1.0,-1.0
2017-03-21-12-22-10PM,1490070130903,1490070124750,2017-03-21-12-22-04PM,network,1.3047352,103.7727737,23.011,-1.0,-1.0,-1.0
2017-03-21-12-22-30PM,1490070150971,1490070150730,2017-03-21-12-22-30PM,network,1.3046626,103.7726831,22.039,-1.0,-1.0,-1.0
2017-03-21-12-22-50PM,1490070170940,1490070169796,2017-03-21-12-22-49PM,network,1.3047357,103.7726831,21.88,-1.0,-1.0,-1.0
2017-03-21-12-23-12PM,1490070192055,1490070183863,2017-03-21-12-23-03PM,network,1.3047357,103.7726831,21.908,-1.0,-1.0,-1.0
2017-03-21-12-23-31PM,1490070211025,1490070198027,2017-03-21-12-23-18PM,network,1.3047357,103.7726831,21.941,-1.0,-1.0,-1.0
2017-03-21-12-23-51PM,1490070231041,1490070226244,2017-03-21-12-23-46PM,network,1.3047357,103.7726831,21.923,-1.0,-1.0,-1.0
2017-03-21-12-24-11PM,1490070251044,1490070240337,2017-03-21-12-24-00PM,network,1.3047357,103.7726831,21.95,-1.0,-1.0,-1.0
2017-03-21-12-24-31PM,1490070271102,1490070268677,2017-03-21-12-24-28PM,network,1.3047357,103.7726831,21.991,-1.0,-1.0,-1.0
2017-03-21-12-24-51PM,1490070291462,1490070282775,2017-03-21-12-24-42PM,network,1.3047357,103.7726831,21.986,-1.0,-1.0,-1.0
2017-03-21-12-25-11PM,1490070311120,1490070296878,2017-03-21-12-24-56PM,network,1.3047357,103.7726831,21.881,-1.0,-1.0,-1.0
2017-03-21-12-25-32PM,1490070332330,1490070325254,2017-03-21-12-25-25PM,network,1.3047357,103.7726831,21.913,-1.0,-1.0,-1.0
2017-03-21-12-25-52PM,1490070352262,1490070339407,2017-03-21-12-25-39PM,network,1.3047357,103.7726831,21.898,-1.0,-1.0,-1.0
2017-03-21-12-26-12PM,1490070372279,1490070367753,2017-03-21-12-26-07PM,network,1.3047357,103.7726831,21.89,-1.0,-1.0,-1.0
2017-03-21-12-26-32PM,1490070392297,1490070381937,2017-03-21-12-26-21PM,network,1.3047357,103.7726831,21.965,-1.0,-1.0,-1.0
2017-03-21-12-26-52PM,1490070412297,1490070410256,2017-03-21-12-26-50PM,network,1.3046626,103.7726831,22.043,-1.0,-1.0,-1.0
2017-03-21-12-27-12PM,1490070432303,1490070424474,2017-03-21-12-27-04PM,network,1.3047357,103.7726831,22.003,-1.0,-1.0,-1.0
2017-03-21-12-27-32PM,1490070452438,1490070438760,2017-03-21-12-27-18PM,network,1.3047357,103.7726831,22.002,-1.0,-1.0,-1.0
2017-03-21-12-27-52PM,1490070472533,1490070467123,2017-03-21-12-27-47PM,network,1.3047357,103.7726831,21.954,-1.0,-1.0,-1.0
2017-03-21-12-28-12PM,1490070492595,1490070481283,2017-03-21-12-28-01PM,network,1.3047357,103.7726831,21.989,-1.0,-1.0,-1.0
2017-03-21-12-28-33PM,1490070513578,1490070509614,2017-03-21-12-28-29PM,network,1.3047357,103.7726831,21.948,-1.0,-1.0,-1.0
2017-03-21-12-28-53PM,1490070533683,1490070523775,2017-03-21-12-28-43PM,network,1.3047357,103.7726831,21.959,-1.0,-1.0,-1.0
2017-03-21-12-29-13PM,1490070553732,1490070552072,2017-03-21-12-29-12PM,network,1.3047357,103.7726831,21.978,-1.0,-1.0,-1.0
2017-03-21-12-29-33PM,1490070573676,1490070566221,2017-03-21-12-29-26PM,network,1.3047357,103.7726831,21.928,-1.0,-1.0,-1.0
2017-03-21-12-29-53PM,1490070593677,1490070580385,2017-03-21-12-29-40PM,network,1.3047357,103.7726831,21.967,-1.0,-1.0,-1.0
2017-03-21-12-30-13PM,1490070613736,1490070608775,2017-03-21-12-30-08PM,network,1.3047357,103.7726831,21.965,-1.0,-1.0,-1.0
2017-03-21-12-30-33PM,1490070633743,1490070622944,2017-03-21-12-30-22PM,network,1.3047357,103.7726831,21.968,-1.0,-1.0,-1.0
2017-03-21-12-30-53PM,1490070653734,1490070651308,2017-03-21-12-30-51PM,network,1.3047357,103.7726831,22.006,-1.0,-1.0,-1.0
2017-03-21-12-31-13PM,1490070673956,1490070665462,2017-03-21-12-31-05PM,network,1.3046626,103.7726831,22.009,-1.0,-1.0,-1.0
2017-03-21-12-31-33PM,1490070693864,1490070679643,2017-03-21-12-31-19PM,network,1.3046626,103.7726831,22.029,-1.0,-1.0,-1.0
2017-03-21-12-31-54PM,1490070714903,1490070708060,2017-03-21-12-31-48PM,network,1.3047357,103.7726831,21.986,-1.0,-1.0,-1.0
2017-03-21-12-32-16PM,1490070736515,1490070736369,2017-03-21-12-32-16PM,network,1.3047357,103.7726831,21.957,-1.0,-1.0,-1.0
2017-03-21-12-32-36PM,1490070756609,1490070750592,2017-03-21-12-32-30PM,network,1.3047357,103.7726831,21.95,-1.0,-1.0,-1.0
2017-03-21-12-32-56PM,1490070776615,1490070764744,2017-03-21-12-32-44PM,network,1.3047357,103.7726831,21.983,-1.0,-1.0,-1.0
2017-03-21-12-33-16PM,1490070796607,1490070793057,2017-03-21-12-33-13PM,network,1.3047357,103.7726831,21.959,-1.0,-1.0,-1.0
2017-03-21-12-33-36PM,1490070816651,1490070807240,2017-03-21-12-33-27PM,network,1.3047357,103.7726831,22.017,-1.0,-1.0,-1.0
2017-03-21-12-33-56PM,1490070836661,1490070835530,2017-03-21-12-33-55PM,network,1.3047357,103.7726831,21.923,-1.0,-1.0,-1.0
2017-03-21-12-34-16PM,1490070856655,1490070849720,2017-03-21-12-34-09PM,network,1.3047357,103.7726831,22.021,-1.0,-1.0,-1.0
2017-03-21-12-34-36PM,1490070876738,1490070863795,2017-03-21-12-34-23PM,network,1.3047357,103.7726831,21.95,-1.0,-1.0,-1.0
2017-03-21-12-34-57PM,1490070897748,1490070892050,2017-03-21-12-34-52PM,network,1.3047357,103.7726831,21.957,-1.0,-1.0,-1.0
2017-03-21-12-35-17PM,1490070917857,1490070906246,2017-03-21-12-35-06PM,network,1.3047357,103.7726831,21.964,-1.0,-1.0,-1.0
2017-03-21-12-35-38PM,1490070938067,1490070934648,2017-03-21-12-35-34PM,network,1.3047357,103.7726831,21.97,-1.0,-1.0,-1.0
2017-03-21-12-36-00PM,1490070960219,1490070948827,2017-03-21-12-35-48PM,network,1.3047357,103.7726831,21.884,-1.0,-1.0,-1.0
2017-03-21-12-36-20PM,1490070980366,1490070977247,2017-03-21-12-36-17PM,network,1.3047357,103.7726831,21.964,-1.0,-1.0,-1.0
2017-03-21-12-36-42PM,1490071002502,1490070991398,2017-03-21-12-36-31PM,network,1.3047357,103.7726831,21.948,-1.0,-1.0,-1.0
