2017-03-21-10-16-28AM,1490062588407,8.0,3
2017-03-21-10-18-25AM,1490062705259,0.0,3
2017-03-21-10-31-57AM,1490063517298,8.0,3
2017-03-21-10-34-15AM,1490063655640,0.0,3
2017-03-21-10-34-16AM,1490063656318,8.0,3
2017-03-21-10-34-16AM,1490063656786,0.0,3
2017-03-21-10-34-19AM,1490063659501,8.0,3
2017-03-21-10-34-20AM,1490063660291,0.0,3
2017-03-21-10-34-20AM,1490063660770,8.0,3
2017-03-21-10-34-20AM,1490063660943,0.0,3
2017-03-21-10-34-21AM,1490063661342,8.0,3
2017-03-21-10-54-09AM,1490064849585,0.0,3
2017-03-21-11-07-51AM,1490065671826,8.0,3
2017-03-21-11-07-57AM,1490065677733,0.0,3
2017-03-21-11-10-44AM,1490065844587,8.0,3
2017-03-21-11-12-02AM,1490065922524,0.0,3
2017-03-21-11-12-02AM,1490065922771,8.0,3
2017-03-21-11-14-01AM,1490066041085,0.0,3
2017-03-21-11-14-01AM,1490066041338,8.0,3
2017-03-21-11-31-16AM,1490067076830,0.0,3
2017-03-21-11-32-47AM,1490067167598,8.0,3
2017-03-21-11-32-56AM,1490067176043,0.0,3
2017-03-21-11-38-34AM,1490067514668,8.0,3
2017-03-21-11-42-44AM,1490067764989,0.0,3
2017-03-21-11-42-45AM,1490067765155,8.0,3
2017-03-21-11-53-28AM,1490068408391,0.0,3
2017-03-21-11-59-25AM,1490068765333,8.0,3
2017-03-21-11-59-52AM,1490068792384,0.0,3
2017-03-21-12-00-52PM,1490068852395,8.0,3
2017-03-21-12-12-23PM,1490069543937,0.0,3
2017-03-21-12-22-30PM,1490070150872,8.0,3
2017-03-21-12-22-53PM,1490070173975,0.0,3
2017-03-21-12-22-54PM,1490070174702,8.0,3
2017-03-21-12-22-56PM,1490070176165,0.0,3
2017-03-21-12-22-56PM,1490070176255,8.0,3
2017-03-21-12-22-56PM,1490070176399,0.0,3
2017-03-21-12-22-56PM,1490070176596,8.0,3
