2017-03-29-12-22-58PM,1490761378401,1490761370308,2017-03-29-12-22-50PM,network,1.3305645,103.7770752,104.1,-1.0,-1.0,-1.0
2017-03-29-12-23-10PM,1490761390580,1490761392170,2017-03-29-12-23-12PM,gps,1.32960376,103.77763431,25.0,30.200000762939453,202.4,11.884864
2017-03-29-12-23-18PM,1490761398403,1490761380433,2017-03-29-12-23-00PM,network,1.3305645,103.7770752,104.1,-1.0,-1.0,-1.0
2017-03-29-12-23-28PM,1490761408420,1490761410000,2017-03-29-12-23-30PM,gps,1.32810766,103.77665797,48.0,52.0,212.1,8.25
2017-03-29-12-23-38PM,1490761418423,1490761414742,2017-03-29-12-23-34PM,network,1.3294901,103.7772117,116.1,-1.0,-1.0,-1.0
2017-03-29-12-23-43PM,1490761423427,1490761425000,2017-03-29-12-23-45PM,gps,1.32801566,103.77674533,15.0,44.900001525878906,63.2,1.0
2017-03-29-12-23-53PM,1490761433413,1490761435000,2017-03-29-12-23-55PM,gps,1.32802898,103.77684854,10.0,28.799999237060547,-1.0,0.0
2017-03-29-12-23-59PM,1490761439349,1490761436589,2017-03-29-12-23-56PM,network,1.3287377,103.7763153,110.0,-1.0,-1.0,-1.0
2017-03-29-12-24-13PM,1490761453416,1490761455000,2017-03-29-12-24-15PM,gps,1.32779491,103.77682205,18.0,33.0,202.6,4.25
2017-03-29-12-24-18PM,1490761458448,1490761456545,2017-03-29-12-24-16PM,network,1.3282814,103.7764856,24.441,-1.0,-1.0,-1.0
2017-03-29-12-24-32PM,1490761472492,1490761474000,2017-03-29-12-24-34PM,gps,1.3273924,103.77628671,11.0,31.899999618530273,221.2,2.0
2017-03-29-12-24-40PM,1490761480370,1490761480103,2017-03-29-12-24-40PM,network,1.327665,103.7754444,600.0,-1.0,-1.0,-1.0
2017-03-29-12-24-57PM,1490761497513,1490761499000,2017-03-29-12-24-59PM,gps,1.32632664,103.77549154,43.0,31.5,214.5,7.5
2017-03-29-12-25-14PM,1490761514420,1490761516000,2017-03-29-12-25-16PM,gps,1.32522542,103.77458011,26.0,33.0,242.3,9.25
2017-03-29-12-25-20PM,1490761520393,1490761520256,2017-03-29-12-25-20PM,network,1.3320537,103.7761687,1100.0,-1.0,-1.0,-1.0
2017-03-29-12-25-35PM,1490761535453,1490761537000,2017-03-29-12-25-37PM,gps,1.32453631,103.772893,40.0,27.100000381469727,231.7,9.25
2017-03-29-12-25-52PM,1490761552516,1490761554000,2017-03-29-12-25-54PM,gps,1.3237553,103.77228424,13.0,28.100000381469727,209.8,5.5
2017-03-29-12-25-59PM,1490761559447,1490761556704,2017-03-29-12-25-56PM,network,1.3240601,103.7721399,24.99,-1.0,-1.0,-1.0
2017-03-29-12-26-13PM,1490761573454,1490761575000,2017-03-29-12-26-15PM,gps,1.32323871,103.77199706,19.0,28.799999237060547,214.7,11.0
2017-03-29-12-26-19PM,1490761579543,1490761576630,2017-03-29-12-26-16PM,network,1.3238399,103.7722305,29.511,-1.0,-1.0,-1.0
2017-03-29-12-26-27PM,1490761587458,1490761589000,2017-03-29-12-26-29PM,gps,1.32223038,103.77129062,48.0,26.600000381469727,216.6,9.75
2017-03-29-12-26-39PM,1490761599567,1490761596740,2017-03-29-12-26-36PM,network,1.3219423,103.7712346,30.023,-1.0,-1.0,-1.0
2017-03-29-12-27-00PM,1490761620412,1490761616616,2017-03-29-12-26-56PM,network,1.3217142,103.7707717,122.4,-1.0,-1.0,-1.0
2017-03-29-12-27-05PM,1490761625446,1490761627000,2017-03-29-12-27-07PM,gps,1.32013756,103.77095717,42.0,23.5,178.5,8.75
2017-03-29-12-27-15PM,1490761635472,1490761637000,2017-03-29-12-27-17PM,gps,1.31971064,103.77122821,35.0,31.299999237060547,145.2,2.75
2017-03-29-12-27-32PM,1490761652442,1490761654000,2017-03-29-12-27-34PM,gps,1.31972906,103.77118307,14.0,31.899999618530273,1.8,0.5
2017-03-29-12-27-40PM,1490761660468,1490761656698,2017-03-29-12-27-36PM,network,1.3195288,103.7708724,50.0,-1.0,-1.0,-1.0
2017-03-29-12-27-53PM,1490761673479,1490761675000,2017-03-29-12-27-55PM,gps,1.3193236,103.77107019,16.0,35.099998474121094,175.1,7.25
2017-03-29-12-27-59PM,1490761679875,1490761676838,2017-03-29-12-27-56PM,network,1.3185056,103.7706008,36.995,-1.0,-1.0,-1.0
2017-03-29-12-28-15PM,1490761695446,1490761697000,2017-03-29-12-28-17PM,gps,1.31773762,103.77138266,22.0,36.099998474121094,168.9,6.0
2017-03-29-12-28-41PM,1490761721338,1490761720567,2017-03-29-12-28-40PM,network,1.3179897,103.7712346,27.452,-1.0,-1.0,-1.0
2017-03-29-12-29-00PM,1490761740927,1490761740720,2017-03-29-12-29-00PM,network,1.315058,103.7719589,43.397,-1.0,-1.0,-1.0
2017-03-29-12-29-19PM,1490761759907,1490761756755,2017-03-29-12-29-16PM,network,1.314692,103.7719589,41.313,-1.0,-1.0,-1.0
2017-03-29-12-29-37PM,1490761777447,1490761779000,2017-03-29-12-29-39PM,gps,1.3128236,103.7722436,17.0,35.099998474121094,182.2,2.5
2017-03-29-12-29-57PM,1490761797459,1490761799000,2017-03-29-12-29-59PM,gps,1.3126648,103.77242973,18.0,28.799999237060547,107.9,1.5
2017-03-29-12-30-07PM,1490761807442,1490761809000,2017-03-29-12-30-09PM,gps,1.31253449,103.77225727,12.0,26.799999237060547,195.1,3.75
2017-03-29-12-30-17PM,1490761817474,1490761819000,2017-03-29-12-30-19PM,gps,1.3117902,103.7723748,23.0,24.600000381469727,174.9,9.25
2017-03-29-12-30-28PM,1490761828524,1490761830000,2017-03-29-12-30-30PM,gps,1.31072014,103.77241666,28.0,22.0,169.5,10.25
2017-03-29-12-30-39PM,1490761839968,1490761836831,2017-03-29-12-30-36PM,network,1.3111812,103.7715967,25.305,-1.0,-1.0,-1.0
2017-03-29-12-30-59PM,1490761859487,1490761861000,2017-03-29-12-31-01PM,gps,1.30839577,103.77184117,41.0,19.5,174.0,8.5
2017-03-29-12-31-18PM,1490761878468,1490761880000,2017-03-29-12-31-20PM,gps,1.30769096,103.77171825,22.0,19.5,199.8,8.0
2017-03-29-12-31-31PM,1490761891460,1490761893000,2017-03-29-12-31-33PM,gps,1.30659308,103.77141547,40.0,19.100000381469727,190.3,9.5
2017-03-29-12-31-44PM,1490761904319,1490761900715,2017-03-29-12-31-40PM,network,1.3067951,103.7707819,24.436,-1.0,-1.0,-1.0
2017-03-29-12-31-59PM,1490761919994,1490761919871,2017-03-29-12-31-59PM,network,1.3069031,103.7710987,1100.0,-1.0,-1.0,-1.0
2017-03-29-12-32-18PM,1490761938499,1490761940000,2017-03-29-12-32-20PM,gps,1.3047985,103.77121356,32.0,36.599998474121094,177.4,9.0
2017-03-29-12-32-23PM,1490761943659,1490761943300,2017-03-29-12-32-23PM,network,1.3036815,103.7714609,500.0,-1.0,-1.0,-1.0
2017-03-29-12-32-36PM,1490761956542,1490761958000,2017-03-29-12-32-38PM,gps,1.30290489,103.77101571,12.0,35.900001525878906,193.0,13.5
2017-03-29-12-32-48PM,1490761968509,1490761970000,2017-03-29-12-32-50PM,gps,1.30198803,103.77094038,26.0,35.900001525878906,187.2,6.0
2017-03-29-12-32-58PM,1490761978499,1490761980000,2017-03-29-12-33-00PM,gps,1.30169858,103.77102267,32.0,36.20000076293945,100.8,2.25
2017-03-29-12-33-04PM,1490761984150,1490761980774,2017-03-29-12-33-00PM,network,1.3015623,103.7710082,50.0,-1.0,-1.0,-1.0
2017-03-29-12-33-17PM,1490761997509,1490761999000,2017-03-29-12-33-19PM,gps,1.3012219,103.77231741,17.0,36.400001525878906,103.2,7.75
2017-03-29-12-33-23PM,1490762003382,1490762000727,2017-03-29-12-33-20PM,network,1.3008589,103.7725021,27.564,-1.0,-1.0,-1.0
2017-03-29-12-33-38PM,1490762018603,1490762020000,2017-03-29-12-33-40PM,gps,1.30142877,103.77321759,29.0,38.20000076293945,29.5,3.0
2017-03-29-12-34-01PM,1490762041503,1490762043000,2017-03-29-12-34-03PM,gps,1.30107161,103.77368556,57.0,24.100000381469727,88.0,2.75
2017-03-29-12-34-13PM,1490762053487,1490762055000,2017-03-29-12-34-15PM,gps,1.30048055,103.77432228,16.0,26.299999237060547,142.4,6.5
2017-03-29-12-34-23PM,1490762063573,1490762065000,2017-03-29-12-34-25PM,gps,1.29993589,103.77458362,18.0,29.399999618530273,168.2,6.5
2017-03-29-12-34-42PM,1490762082554,1490762084000,2017-03-29-12-34-44PM,gps,1.29943564,103.77455303,52.0,29.799999237060547,174.4,3.5
2017-03-29-12-34-54PM,1490762094465,1490762096000,2017-03-29-12-34-56PM,gps,1.29894447,103.77425521,13.0,34.599998474121094,213.6,6.0
2017-03-29-12-35-05PM,1490762105466,1490762107000,2017-03-29-12-35-07PM,gps,1.29844247,103.7739081,24.0,32.70000076293945,228.4,5.75
2017-03-29-12-35-14PM,1490762114841,1490762110833,2017-03-29-12-35-10PM,network,1.2989236,103.7741665,60.0,-1.0,-1.0,-1.0
2017-03-29-12-35-28PM,1490762128055,1490762126973,2017-03-29-12-35-26PM,network,1.2975663,103.7725926,50.0,-1.0,-1.0,-1.0
2017-03-29-12-35-33PM,1490762133517,1490762135000,2017-03-29-12-35-35PM,gps,1.29726066,103.77243048,35.0,31.399999618530273,219.3,7.0
2017-03-29-12-35-43PM,1490762143596,1490762140925,2017-03-29-12-35-40PM,network,1.2972741,103.7725021,31.764,-1.0,-1.0,-1.0
2017-03-29-12-35-53PM,1490762153472,1490762155000,2017-03-29-12-35-55PM,gps,1.29643621,103.77219662,51.0,29.799999237060547,231.5,1.0
2017-03-29-12-36-04PM,1490762164567,1490762160990,2017-03-29-12-36-00PM,network,1.2964704,103.772321,24.143,-1.0,-1.0,-1.0
2017-03-29-12-36-24PM,1490762184435,1490762185401,2017-03-29-12-36-25PM,gps,1.29627074,103.77247339,4.0,42.79999923706055,106.2,1.0
2017-03-29-12-36-34PM,1490762194479,1490762196000,2017-03-29-12-36-36PM,gps,1.29628626,103.77256693,4.0,46.400001525878906,92.2,1.0
2017-03-29-12-36-43PM,1490762203590,1490762202858,2017-03-29-12-36-42PM,network,1.2965411,103.7727737,24.498,-1.0,-1.0,-1.0
2017-03-29-12-36-54PM,1490762214606,1490762216000,2017-03-29-12-36-56PM,gps,1.29645388,103.77273517,5.0,57.599998474121094,56.2,1.25
2017-03-29-12-37-03PM,1490762223652,1490762222877,2017-03-29-12-37-02PM,network,1.2965411,103.7727737,27.657,-1.0,-1.0,-1.0
2017-03-29-12-37-15PM,1490762235535,1490762237000,2017-03-29-12-37-17PM,gps,1.29651285,103.77274002,10.0,59.0,52.0,0.5
2017-03-29-12-37-23PM,1490762243617,1490762242991,2017-03-29-12-37-22PM,network,1.2963938,103.7729547,22.103,-1.0,-1.0,-1.0
2017-03-29-12-37-35PM,1490762255488,1490762257000,2017-03-29-12-37-37PM,gps,1.29646892,103.77302777,12.0,55.099998474121094,93.4,1.25
2017-03-29-12-37-43PM,1490762263626,1490762263041,2017-03-29-12-37-43PM,network,1.2963923,103.7732263,24.056,-1.0,-1.0,-1.0
2017-03-29-12-37-55PM,1490762275482,1490762277000,2017-03-29-12-37-57PM,gps,1.29634231,103.77329767,10.0,49.79999923706055,140.3,1.0
2017-03-29-12-38-03PM,1490762283741,1490762283409,2017-03-29-12-38-03PM,network,1.2961718,103.7734074,27.037,-1.0,-1.0,-1.0
2017-03-29-12-38-15PM,1490762295486,1490762297000,2017-03-29-12-38-17PM,gps,1.29615515,103.7733548,10.0,49.20000076293945,156.7,1.0
2017-03-29-12-38-23PM,1490762303675,1490762302919,2017-03-29-12-38-22PM,network,1.296025,103.7734979,29.719,-1.0,-1.0,-1.0
2017-03-29-12-38-35PM,1490762315548,1490762317000,2017-03-29-12-38-37PM,gps,1.29601052,103.77340713,3.0,42.70000076293945,144.2,1.0
2017-03-29-12-38-43PM,1490762323649,1490762322998,2017-03-29-12-38-42PM,network,1.2957324,103.7734979,23.279,-1.0,-1.0,-1.0
2017-03-29-12-38-55PM,1490762335486,1490762337000,2017-03-29-12-38-57PM,gps,1.29583356,103.77342658,4.0,39.400001525878906,180.8,1.0
2017-03-29-12-39-04PM,1490762344007,1490762343921,2017-03-29-12-39-03PM,network,1.2956592,103.7734979,22.13,-1.0,-1.0,-1.0
2017-03-29-12-39-15PM,1490762355488,1490762357000,2017-03-29-12-39-17PM,gps,1.29567514,103.77348927,4.0,45.29999923706055,162.0,1.0
2017-03-29-12-39-24PM,1490762364084,1490762363812,2017-03-29-12-39-23PM,network,1.2955856,103.7735885,22.599,-1.0,-1.0,-1.0
2017-03-29-12-39-35PM,1490762375493,1490762377000,2017-03-29-12-39-37PM,gps,1.29555712,103.77354152,10.0,45.099998474121094,148.8,0.75
2017-03-29-12-39-45PM,1490762385086,1490762384980,2017-03-29-12-39-44PM,network,1.2953656,103.773679,22.107,-1.0,-1.0,-1.0
2017-03-29-12-39-55PM,1490762395490,1490762397000,2017-03-29-12-39-57PM,gps,1.29533958,103.77361843,49.0,45.099998474121094,158.0,1.75
2017-03-29-12-40-04PM,1490762404957,1490762404518,2017-03-29-12-40-04PM,network,1.2954019,103.7737243,23.184,-1.0,-1.0,-1.0
2017-03-29-12-40-19PM,1490762419589,1490762421000,2017-03-29-12-40-21PM,gps,1.2952687,103.77350056,20.0,53.099998474121094,-1.0,0.0
2017-03-29-12-40-29PM,1490762429509,1490762431000,2017-03-29-12-40-31PM,gps,1.29523887,103.77349324,10.0,51.79999923706055,-1.0,0.0
2017-03-29-12-40-39PM,1490762439500,1490762441000,2017-03-29-12-40-41PM,gps,1.29522907,103.77349213,10.0,50.79999923706055,-1.0,0.0
2017-03-29-12-40-58PM,1490762458523,1490762459401,2017-03-29-12-40-59PM,gps,1.29506591,103.77346067,9.0,39.0,154.5,0.5
2017-03-29-12-41-04PM,1490762464217,1490762461736,2017-03-29-12-41-01PM,network,1.2947814,103.7734979,24.081,-1.0,-1.0,-1.0
2017-03-29-12-41-18PM,1490762478606,1490762479401,2017-03-29-12-41-19PM,gps,1.29489931,103.77352985,9.0,43.599998474121094,180.7,0.75
2017-03-29-12-41-24PM,1490762484235,1490762481899,2017-03-29-12-41-21PM,network,1.295072,103.7738601,38.612,-1.0,-1.0,-1.0
2017-03-29-12-41-29PM,1490762489501,1490762491000,2017-03-29-12-41-31PM,gps,1.29482238,103.77360469999999,11.0,46.0,109.8,0.75
2017-03-29-12-41-39PM,1490762499494,1490762501000,2017-03-29-12-41-41PM,gps,1.29473568,103.77369623,12.0,45.099998474121094,133.4,1.0
2017-03-29-12-41-49PM,1490762509506,1490762511000,2017-03-29-12-41-51PM,gps,1.29472531,103.77376631,14.0,44.79999923706055,65.5,0.75
2017-03-29-12-41-58PM,1490762518999,1490762511421,2017-03-29-12-41-51PM,network,1.2945599,103.7738601,27.801,-1.0,-1.0,-1.0
2017-03-29-12-42-09PM,1490762529506,1490762531000,2017-03-29-12-42-11PM,gps,1.29454489,103.77392753,16.0,47.099998474121094,167.1,0.75
2017-03-29-12-42-19PM,1490762539504,1490762541000,2017-03-29-12-42-21PM,gps,1.29449093,103.77388648,11.0,51.0,167.1,0.75
2017-03-29-12-42-29PM,1490762549502,1490762551000,2017-03-29-12-42-31PM,gps,1.29451653,103.77392059,11.0,51.599998474121094,345.9,0.75
2017-03-29-12-42-39PM,1490762559580,1490762561000,2017-03-29-12-42-41PM,gps,1.29458827,103.77389459,12.0,49.20000076293945,317.5,1.0
2017-03-29-12-42-49PM,1490762569511,1490762571000,2017-03-29-12-42-51PM,gps,1.29458066,103.77384829,11.0,51.0,272.9,0.25
2017-03-29-12-42-59PM,1490762579508,1490762581000,2017-03-29-12-43-01PM,gps,1.29462213,103.77377636,12.0,54.0,272.9,0.75
2017-03-29-12-43-09PM,1490762589527,1490762591000,2017-03-29-12-43-11PM,gps,1.29462524,103.77368006,11.0,58.400001525878906,272.9,0.75
2017-03-29-12-43-20PM,1490762600701,1490762591561,2017-03-29-12-43-11PM,network,1.2947057,103.7739506,27.349,-1.0,-1.0,-1.0
2017-03-29-12-43-28PM,1490762608964,1490762609841,2017-03-29-12-43-29PM,gps,1.29465747,103.77360303,6.0,56.20000076293945,283.1,1.25
2017-03-29-12-43-39PM,1490762619527,1490762621000,2017-03-29-12-43-41PM,gps,1.2948452,103.7735578,7.0,48.70000076293945,327.2,0.75
2017-03-29-12-43-58PM,1490762638996,1490762639861,2017-03-29-12-43-59PM,gps,1.29500393,103.77350734,8.0,49.29999923706055,322.7,0.75
2017-03-29-12-44-08PM,1490762648941,1490762649841,2017-03-29-12-44-09PM,gps,1.29505273,103.77355696,9.0,44.599998474121094,65.6,0.75
2017-03-29-12-44-20PM,1490762660769,1490762652349,2017-03-29-12-44-12PM,network,1.2951451,103.7738601,31.238,-1.0,-1.0,-1.0
2017-03-29-12-44-28PM,1490762668619,1490762669401,2017-03-29-12-44-29PM,gps,1.29510541,103.77356469,6.0,45.29999923706055,-1.0,0.0
2017-03-29-12-44-38PM,1490762678513,1490762679401,2017-03-29-12-44-39PM,gps,1.29511194,103.77356044,7.0,45.599998474121094,-1.0,0.0
2017-03-29-12-44-48PM,1490762688519,1490762689401,2017-03-29-12-44-49PM,gps,1.29511426,103.77356037,7.0,45.900001525878906,-1.0,0.0
2017-03-29-12-44-58PM,1490762698472,1490762699401,2017-03-29-12-44-59PM,gps,1.29511082,103.77356131,9.0,45.70000076293945,-1.0,0.0
2017-03-29-12-45-08PM,1490762708538,1490762709401,2017-03-29-12-45-09PM,gps,1.29511279,103.77356107,6.0,45.70000076293945,-1.0,0.0
2017-03-29-12-45-19PM,1490762719516,1490762721000,2017-03-29-12-45-21PM,gps,1.29509328,103.77349612,13.0,43.400001525878906,65.6,0.5
2017-03-29-12-45-29PM,1490762729522,1490762731000,2017-03-29-12-45-31PM,gps,1.29503777,103.77345124,12.0,42.79999923706055,203.9,0.75
2017-03-29-12-45-40PM,1490762740516,1490762742000,2017-03-29-12-45-42PM,gps,1.29513261,103.773285,19.0,44.0,289.3,1.0
2017-03-29-12-46-00PM,1490762760776,1490762752508,2017-03-29-12-45-52PM,network,1.2955139,103.7733169,22.074,-1.0,-1.0,-1.0
2017-03-29-12-46-13PM,1490762773522,1490762775000,2017-03-29-12-46-15PM,gps,1.29554076,103.77332854,76.0,38.900001525878906,195.2,1.0
2017-03-29-12-46-20PM,1490762780701,1490762772465,2017-03-29-12-46-12PM,network,1.2955871,103.7733169,22.786,-1.0,-1.0,-1.0
2017-03-29-12-46-40PM,1490762800792,1490762792516,2017-03-29-12-46-32PM,network,1.2955512,103.7731811,26.162,-1.0,-1.0,-1.0
2017-03-29-12-47-00PM,1490762820787,1490762812527,2017-03-29-12-46-52PM,network,1.295807,103.7732263,22.652,-1.0,-1.0,-1.0
2017-03-29-12-47-20PM,1490762840815,1490762832544,2017-03-29-12-47-12PM,network,1.2959528,103.7733169,28.953,-1.0,-1.0,-1.0
2017-03-29-12-47-38PM,1490762858535,1490762860000,2017-03-29-12-47-40PM,gps,1.29590497,103.77317855,21.0,51.099998474121094,82.5,0.5
2017-03-29-12-47-57PM,1490762877528,1490762879000,2017-03-29-12-47-59PM,gps,1.29601682,103.77328586,11.0,51.79999923706055,63.6,0.5
2017-03-29-12-48-17PM,1490762897542,1490762899000,2017-03-29-12-48-19PM,gps,1.29624572,103.77314897,11.0,62.099998474121094,344.0,0.75
2017-03-29-12-48-36PM,1490762916883,1490762917761,2017-03-29-12-48-37PM,gps,1.29629952,103.7730759,6.0,54.29999923706055,-1.0,0.0
2017-03-29-12-48-46PM,1490762926895,1490762927761,2017-03-29-12-48-47PM,gps,1.29630104,103.7730735,7.0,53.599998474121094,-1.0,0.0
2017-03-29-12-48-57PM,1490762937574,1490762939000,2017-03-29-12-48-59PM,gps,1.29631234,103.77309262,10.0,34.70000076293945,-1.0,0.0
2017-03-29-12-49-07PM,1490762947543,1490762949000,2017-03-29-12-49-09PM,gps,1.29644523,103.77290497,10.0,48.400001525878906,297.3,0.75
2017-03-29-12-49-21PM,1490762961711,1490762952942,2017-03-29-12-49-12PM,network,1.2966864,103.7729547,27.091,-1.0,-1.0,-1.0
2017-03-29-12-49-36PM,1490762976559,1490762977401,2017-03-29-12-49-37PM,gps,1.29676767,103.77267152,3.0,61.20000076293945,13.9,0.75
2017-03-29-12-49-41PM,1490762981713,1490762972965,2017-03-29-12-49-32PM,network,1.2963912,103.7734074,24.507,-1.0,-1.0,-1.0
2017-03-29-12-49-56PM,1490762996571,1490762997401,2017-03-29-12-49-57PM,gps,1.29689967,103.77255299,3.0,60.70000076293945,309.4,1.0
2017-03-29-12-50-01PM,1490763001854,1490762993003,2017-03-29-12-49-53PM,network,1.2970173,103.7726379,21.953,-1.0,-1.0,-1.0
2017-03-29-12-50-16PM,1490763016646,1490763017401,2017-03-29-12-50-17PM,gps,1.29705456,103.77257359,3.0,59.79999923706055,38.1,0.75
2017-03-29-12-50-21PM,1490763021880,1490763013094,2017-03-29-12-50-13PM,network,1.2970537,103.7726831,22.128,-1.0,-1.0,-1.0
2017-03-29-12-50-26PM,1490763026900,1490763027761,2017-03-29-12-50-27PM,gps,1.29713052,103.77263228,6.0,58.79999923706055,40.4,1.0
2017-03-29-12-50-37PM,1490763037077,1490763037781,2017-03-29-12-50-37PM,gps,1.29721919,103.7726924,6.0,58.79999923706055,30.2,1.0
2017-03-29-12-50-47PM,1490763047378,1490763047801,2017-03-29-12-50-47PM,gps,1.2972896,103.77268703,7.0,59.0,13.2,0.75
2017-03-29-12-50-58PM,1490763058551,1490763060000,2017-03-29-12-51-00PM,gps,1.297292,103.77272453,25.0,58.599998474121094,13.7,1.0
2017-03-29-12-51-17PM,1490763077543,1490763079000,2017-03-29-12-51-19PM,gps,1.29730429,103.77272399,15.0,60.70000076293945,77.9,0.5
2017-03-29-12-51-24PM,1490763084055,1490763083133,2017-03-29-12-51-23PM,network,1.2974204,103.7725021,33.142,-1.0,-1.0,-1.0
2017-03-29-12-51-37PM,1490763097546,1490763099000,2017-03-29-12-51-39PM,gps,1.29731122,103.77265691,11.0,62.29999923706055,-1.0,0.0
2017-03-29-12-51-42PM,1490763102889,1490763097590,2017-03-29-12-51-37PM,network,1.2974209,103.7724115,24.529,-1.0,-1.0,-1.0
2017-03-29-12-51-57PM,1490763117634,1490763119000,2017-03-29-12-51-59PM,gps,1.29731522,103.77264305,10.0,62.900001525878906,-1.0,0.0
2017-03-29-12-52-02PM,1490763122931,1490763117513,2017-03-29-12-51-57PM,network,1.297202,103.772321,31.381,-1.0,-1.0,-1.0
2017-03-29-12-52-09PM,1490763129600,1490763131000,2017-03-29-12-52-11PM,gps,1.29730932,103.77263836,27.0,62.79999923706055,-1.0,0.0
2017-03-29-12-52-23PM,1490763143060,1490763137596,2017-03-29-12-52-17PM,network,1.2972015,103.7724115,34.6,-1.0,-1.0,-1.0
2017-03-29-12-52-38PM,1490763158549,1490763160000,2017-03-29-12-52-40PM,gps,1.29730703,103.77263828,17.0,62.599998474121094,-1.0,0.0
2017-03-29-12-52-48PM,1490763168586,1490763170000,2017-03-29-12-52-50PM,gps,1.29730818,103.77263825,19.0,62.70000076293945,-1.0,0.0
2017-03-29-12-53-02PM,1490763182907,1490763177604,2017-03-29-12-52-57PM,network,1.2972751,103.772321,28.417,-1.0,-1.0,-1.0
2017-03-29-12-53-23PM,1490763203882,1490763203246,2017-03-29-12-53-23PM,network,1.297202,103.772321,37.969,-1.0,-1.0,-1.0
2017-03-29-12-53-42PM,1490763222963,1490763217605,2017-03-29-12-53-37PM,network,1.2972015,103.7724115,29.718,-1.0,-1.0,-1.0
2017-03-29-12-54-02PM,1490763242904,1490763237626,2017-03-29-12-53-57PM,network,1.297202,103.772321,33.07,-1.0,-1.0,-1.0
2017-03-29-12-54-20PM,1490763260564,1490763262000,2017-03-29-12-54-22PM,gps,1.29725845,103.77257005,40.0,62.20000076293945,-1.0,0.0
2017-03-29-12-54-37PM,1490763277590,1490763279000,2017-03-29-12-54-39PM,gps,1.29727058,103.77258876,11.0,61.5,77.9,0.5
2017-03-29-12-54-43PM,1490763283000,1490763277650,2017-03-29-12-54-37PM,network,1.2974209,103.7724115,30.721,-1.0,-1.0,-1.0
2017-03-29-12-54-57PM,1490763297612,1490763299000,2017-03-29-12-54-59PM,gps,1.29736845,103.7726182,14.0,64.5999984741211,77.9,0.5
2017-03-29-12-55-03PM,1490763303005,1490763297655,2017-03-29-12-54-57PM,network,1.2972751,103.772321,29.566,-1.0,-1.0,-1.0
2017-03-29-12-55-09PM,1490763309603,1490763311000,2017-03-29-12-55-11PM,gps,1.2974334,103.77261068,26.0,65.4000015258789,77.9,0.5
2017-03-29-12-55-22PM,1490763322969,1490763317704,2017-03-29-12-55-17PM,network,1.2974209,103.7724115,24.529,-1.0,-1.0,-1.0
2017-03-29-12-55-36PM,1490763336916,1490763337801,2017-03-29-12-55-37PM,gps,1.29746385,103.77272584,8.0,68.0,-1.0,0.0
2017-03-29-12-55-43PM,1490763343566,1490763343409,2017-03-29-12-55-43PM,network,1.2972751,103.772321,28.417,-1.0,-1.0,-1.0
2017-03-29-12-55-48PM,1490763348677,1490763350000,2017-03-29-12-55-50PM,gps,1.29743789,103.77271621,21.0,68.5,-1.0,0.0
2017-03-29-12-56-03PM,1490763363557,1490763357638,2017-03-29-12-55-57PM,network,1.2974209,103.7724115,24.497,-1.0,-1.0,-1.0
2017-03-29-12-56-17PM,1490763377609,1490763379000,2017-03-29-12-56-19PM,gps,1.29744669,103.77270872,12.0,67.5,-1.0,0.0
2017-03-29-12-56-23PM,1490763383559,1490763377711,2017-03-29-12-56-17PM,network,1.2974209,103.7724115,27.437,-1.0,-1.0,-1.0
2017-03-29-12-56-38PM,1490763398595,1490763400000,2017-03-29-12-56-40PM,gps,1.29742133,103.77266768,18.0,68.30000305175781,-1.0,0.0
2017-03-29-12-56-43PM,1490763403649,1490763397690,2017-03-29-12-56-37PM,network,1.2974209,103.7724115,28.086,-1.0,-1.0,-1.0
2017-03-29-12-56-49PM,1490763409654,1490763411000,2017-03-29-12-56-51PM,gps,1.2974207,103.77266763,34.0,68.30000305175781,-1.0,0.0
2017-03-29-12-56-59PM,1490763419577,1490763421000,2017-03-29-12-57-01PM,gps,1.29741836,103.77266781,23.0,68.0,-1.0,0.0
2017-03-29-12-57-17PM,1490763437567,1490763439000,2017-03-29-12-57-19PM,gps,1.29735422,103.7726452,14.0,65.5999984741211,-1.0,0.0
2017-03-29-12-57-24PM,1490763444648,1490763443456,2017-03-29-12-57-23PM,network,1.2974209,103.7724115,31.064,-1.0,-1.0,-1.0
2017-03-29-12-57-38PM,1490763458578,1490763460000,2017-03-29-12-57-40PM,gps,1.29736039,103.77263966,22.0,66.5999984741211,-1.0,0.0
2017-03-29-12-57-43PM,1490763463670,1490763457770,2017-03-29-12-57-37PM,network,1.2974209,103.7724115,27.082,-1.0,-1.0,-1.0
2017-03-29-12-57-59PM,1490763479580,1490763481000,2017-03-29-12-58-01PM,gps,1.29736052,103.77263982,31.0,66.5999984741211,-1.0,0.0
2017-03-29-12-58-18PM,1490763498632,1490763500000,2017-03-29-12-58-20PM,gps,1.29736566,103.77263455,14.0,67.5,-1.0,0.0
2017-03-29-12-58-23PM,1490763503648,1490763497738,2017-03-29-12-58-17PM,network,1.297202,103.772321,31.381,-1.0,-1.0,-1.0
2017-03-29-12-58-43PM,1490763523817,1490763523644,2017-03-29-12-58-43PM,network,1.2970183,103.7724568,31.978,-1.0,-1.0,-1.0
2017-03-29-12-58-58PM,1490763538646,1490763540000,2017-03-29-12-59-00PM,gps,1.29734595,103.77263148,19.0,66.30000305175781,-1.0,0.0
2017-03-29-12-59-04PM,1490763544779,1490763543649,2017-03-29-12-59-03PM,network,1.297202,103.772321,27.145,-1.0,-1.0,-1.0
2017-03-29-12-59-18PM,1490763558575,1490763560000,2017-03-29-12-59-20PM,gps,1.29733186,103.7726225,21.0,66.19999694824219,-1.0,0.0
2017-03-29-12-59-23PM,1490763563935,1490763563640,2017-03-29-12-59-23PM,network,1.2972015,103.7724115,33.546,-1.0,-1.0,-1.0
2017-03-29-12-59-38PM,1490763578584,1490763580000,2017-03-29-12-59-40PM,gps,1.29732542,103.77261929,23.0,66.0999984741211,-1.0,0.0
2017-03-29-12-59-44PM,1490763584001,1490763583652,2017-03-29-12-59-43PM,network,1.2972015,103.7724115,36.259,-1.0,-1.0,-1.0
2017-03-29-12-59-49PM,1490763589589,1490763591000,2017-03-29-12-59-51PM,gps,1.29732031,103.77261662,25.0,66.0,-1.0,0.0
2017-03-29-1-00-03PM,1490763603921,1490763603660,2017-03-29-1-00-03PM,network,1.2972746,103.7724115,27.287,-1.0,-1.0,-1.0
2017-03-29-1-00-18PM,1490763618583,1490763620000,2017-03-29-1-00-20PM,gps,1.29731718,103.77261338,13.0,66.0999984741211,-1.0,0.0
2017-03-29-1-00-23PM,1490763623916,1490763623665,2017-03-29-1-00-23PM,network,1.2974214,103.772321,33.524,-1.0,-1.0,-1.0
2017-03-29-1-00-38PM,1490763638595,1490763640000,2017-03-29-1-00-40PM,gps,1.29732145,103.77260914,14.0,66.80000305175781,-1.0,0.0
2017-03-29-1-00-44PM,1490763644870,1490763643698,2017-03-29-1-00-43PM,network,1.297202,103.772321,33.07,-1.0,-1.0,-1.0
2017-03-29-1-00-57PM,1490763657604,1490763659000,2017-03-29-1-00-59PM,gps,1.29731349,103.77260275,13.0,67.0,-1.0,0.0
2017-03-29-1-01-03PM,1490763663862,1490763657830,2017-03-29-1-00-57PM,network,1.297202,103.772321,28.63,-1.0,-1.0,-1.0
2017-03-29-1-01-17PM,1490763677682,1490763679000,2017-03-29-1-01-19PM,gps,1.29730924,103.77259896,13.0,67.0999984741211,-1.0,0.0
2017-03-29-1-01-23PM,1490763683879,1490763677796,2017-03-29-1-01-17PM,network,1.2970552,103.7724115,30.614,-1.0,-1.0,-1.0
2017-03-29-1-01-38PM,1490763698700,1490763700000,2017-03-29-1-01-40PM,gps,1.29730153,103.77259709,13.0,66.69999694824219,-1.0,0.0
2017-03-29-1-01-43PM,1490763703936,1490763697818,2017-03-29-1-01-37PM,network,1.297202,103.772321,34.686,-1.0,-1.0,-1.0
2017-03-29-1-01-59PM,1490763719649,1490763721000,2017-03-29-1-02-01PM,gps,1.2973016,103.77259738,26.0,66.69999694824219,-1.0,0.0
2017-03-29-1-02-20PM,1490763740689,1490763742000,2017-03-29-1-02-22PM,gps,1.29729213,103.77258762,35.0,67.0,-1.0,0.0
2017-03-29-1-02-42PM,1490763762745,1490763764000,2017-03-29-1-02-44PM,gps,1.29729875,103.77258853,47.0,68.19999694824219,-1.0,0.0
2017-03-29-1-02-59PM,1490763779660,1490763781000,2017-03-29-1-03-01PM,gps,1.29726458,103.77259361,25.0,65.80000305175781,-1.0,0.0
2017-03-29-1-03-16PM,1490763796783,1490763797601,2017-03-29-1-03-17PM,gps,1.29727883,103.77258528,8.0,67.5999984741211,-1.0,0.0
2017-03-29-1-03-23PM,1490763803988,1490763797848,2017-03-29-1-03-17PM,network,1.2974209,103.7724115,24.529,-1.0,-1.0,-1.0
2017-03-29-1-03-39PM,1490763819629,1490763821000,2017-03-29-1-03-41PM,gps,1.29728497,103.77258599,34.0,69.69999694824219,-1.0,0.0
2017-03-29-1-03-58PM,1490763838647,1490763840000,2017-03-29-1-04-00PM,gps,1.29728165,103.77258907,25.0,68.9000015258789,-1.0,0.0
2017-03-29-1-04-05PM,1490763845036,1490763844004,2017-03-29-1-04-04PM,network,1.2974209,103.7724115,24.529,-1.0,-1.0,-1.0
2017-03-29-1-04-17PM,1490763857611,1490763859000,2017-03-29-1-04-19PM,gps,1.29728963,103.77258525,14.0,69.80000305175781,-1.0,0.0
2017-03-29-1-04-24PM,1490763864007,1490763857844,2017-03-29-1-04-17PM,network,1.2974209,103.7724115,22.549,-1.0,-1.0,-1.0
2017-03-29-1-04-37PM,1490763877632,1490763879000,2017-03-29-1-04-39PM,gps,1.29729431,103.77258293,10.0,70.4000015258789,-1.0,0.0
2017-03-29-1-04-44PM,1490763884205,1490763877835,2017-03-29-1-04-37PM,network,1.2974209,103.7724115,33.844,-1.0,-1.0,-1.0
2017-03-29-1-04-59PM,1490763899605,1490763901000,2017-03-29-1-05-01PM,gps,1.297297,103.77258149,34.0,70.69999694824219,-1.0,0.0
2017-03-29-1-05-18PM,1490763918608,1490763920000,2017-03-29-1-05-20PM,gps,1.29729694,103.7725815,21.0,70.69999694824219,-1.0,0.0
2017-03-29-1-05-24PM,1490763924171,1490763923988,2017-03-29-1-05-23PM,network,1.2971646,103.7724568,36.021,-1.0,-1.0,-1.0
2017-03-29-1-05-40PM,1490763940628,1490763942000,2017-03-29-1-05-42PM,gps,1.29729315,103.77258015,40.0,70.5999984741211,-1.0,0.0
2017-03-29-1-06-04PM,1490763964121,1490763957833,2017-03-29-1-05-57PM,network,1.2974209,103.7724115,24.704,-1.0,-1.0,-1.0
2017-03-29-1-06-19PM,1490763979704,1490763981000,2017-03-29-1-06-21PM,gps,1.29730436,103.77257963,27.0,71.19999694824219,-1.0,0.0
2017-03-29-1-06-37PM,1490763997617,1490763999000,2017-03-29-1-06-39PM,gps,1.29730195,103.77258382,19.0,69.5999984741211,-1.0,0.0
2017-03-29-1-06-44PM,1490764004180,1490763997836,2017-03-29-1-06-37PM,network,1.2972746,103.7724115,30.123,-1.0,-1.0,-1.0
2017-03-29-1-06-51PM,1490764011662,1490764013000,2017-03-29-1-06-53PM,gps,1.29730151,103.772583,48.0,69.5999984741211,-1.0,0.0
2017-03-29-1-07-04PM,1490764024344,1490764017878,2017-03-29-1-06-57PM,network,1.2974209,103.7724115,24.704,-1.0,-1.0,-1.0
2017-03-29-1-07-24PM,1490764044221,1490764037894,2017-03-29-1-07-17PM,network,1.2974214,103.772321,39.027,-1.0,-1.0,-1.0
2017-03-29-1-07-36PM,1490764056648,1490764057421,2017-03-29-1-07-37PM,gps,1.29730292,103.77258112,8.0,69.0999984741211,-1.0,0.0
2017-03-29-1-07-44PM,1490764064786,1490764057987,2017-03-29-1-07-37PM,network,1.2970516,103.7730453,23.708,-1.0,-1.0,-1.0
2017-03-29-1-08-04PM,1490764084392,1490764074190,2017-03-29-1-07-54PM,network,1.2970516,103.7730453,23.709,-1.0,-1.0,-1.0
2017-03-29-1-08-16PM,1490764096599,1490764097381,2017-03-29-1-08-17PM,gps,1.2972276,103.77267974,9.0,65.69999694824219,-1.0,0.0
2017-03-29-1-08-24PM,1490764104550,1490764094195,2017-03-29-1-08-14PM,network,1.2973463,103.7726831,24.081,-1.0,-1.0,-1.0
2017-03-29-1-08-37PM,1490764117619,1490764119000,2017-03-29-1-08-39PM,gps,1.29831473,103.77351361,20.0,52.900001525878906,52.8,11.25
2017-03-29-1-08-44PM,1490764124378,1490764124225,2017-03-29-1-08-44PM,network,1.2973458,103.7727737,24.503,-1.0,-1.0,-1.0
2017-03-29-1-08-56PM,1490764136626,1490764137401,2017-03-29-1-08-57PM,gps,1.2989,103.77406655,7.0,45.099998474121094,29.0,3.75
2017-03-29-1-09-04PM,1490764144376,1490764144215,2017-03-29-1-09-04PM,network,1.2985794,103.7745844,50.0,-1.0,-1.0,-1.0
2017-03-29-1-09-16PM,1490764156771,1490764157441,2017-03-29-1-09-17PM,gps,1.29888144,103.77408834,6.0,42.900001525878906,-1.0,0.0
2017-03-29-1-09-27PM,1490764167354,1490764164418,2017-03-29-1-09-24PM,network,1.2988009,103.7742222,50.0,-1.0,-1.0,-1.0
2017-03-29-1-09-44PM,1490764184554,1490764174366,2017-03-29-1-09-34PM,network,1.2988009,103.7742222,50.0,-1.0,-1.0,-1.0
2017-03-29-1-09-57PM,1490764197633,1490764199000,2017-03-29-1-09-59PM,gps,1.30087182,103.77357927,17.0,38.29999923706055,302.6,6.0
2017-03-29-1-10-04PM,1490764204486,1490764194502,2017-03-29-1-09-54PM,network,1.3005597,103.773679,22.122,-1.0,-1.0,-1.0
2017-03-29-1-10-17PM,1490764217649,1490764219000,2017-03-29-1-10-19PM,gps,1.3009886,103.77342047,11.0,38.0,312.9,2.25
2017-03-29-1-10-24PM,1490764224481,1490764214537,2017-03-29-1-10-14PM,network,1.3006339,103.7734979,23.386,-1.0,-1.0,-1.0
2017-03-29-1-10-30PM,1490764230637,1490764232000,2017-03-29-1-10-32PM,gps,1.30102412,103.77278166,41.0,36.599998474121094,254.4,3.5
2017-03-29-1-10-44PM,1490764244504,1490764234510,2017-03-29-1-10-34PM,network,1.3006339,103.7734979,22.445,-1.0,-1.0,-1.0
2017-03-29-1-10-54PM,1490764254631,1490764256000,2017-03-29-1-10-56PM,gps,1.30098282,103.77267432,40.0,35.400001525878906,264.1,1.0
2017-03-29-1-11-04PM,1490764264512,1490764254574,2017-03-29-1-10-54PM,network,1.3008579,103.7726831,30.194,-1.0,-1.0,-1.0
2017-03-29-1-11-09PM,1490764269699,1490764271000,2017-03-29-1-11-11PM,gps,1.30098817,103.77181717,28.0,48.79999923706055,274.4,6.0
2017-03-29-1-11-24PM,1490764284533,1490764274545,2017-03-29-1-11-14PM,network,1.3008589,103.7725021,28.658,-1.0,-1.0,-1.0
2017-03-29-1-11-37PM,1490764297638,1490764299000,2017-03-29-1-11-39PM,gps,1.30133741,103.77070524,9.0,59.900001525878906,254.3,1.0
2017-03-29-1-11-44PM,1490764304523,1490764294597,2017-03-29-1-11-34PM,network,1.3016753,103.7704198,31.162,-1.0,-1.0,-1.0
2017-03-29-1-11-57PM,1490764317637,1490764319000,2017-03-29-1-11-59PM,gps,1.3013345,103.77073542,9.0,65.5999984741211,-1.0,0.0
2017-03-29-1-12-04PM,1490764324635,1490764314559,2017-03-29-1-11-54PM,network,1.3016748,103.7705103,31.38,-1.0,-1.0,-1.0
2017-03-29-1-12-25PM,1490764345542,1490764344639,2017-03-29-1-12-24PM,network,1.3016748,103.7705103,30.045,-1.0,-1.0,-1.0
2017-03-29-1-12-36PM,1490764356756,1490764357521,2017-03-29-1-12-37PM,gps,1.30134723,103.7707227,6.0,73.5,-1.0,0.0
2017-03-29-1-12-44PM,1490764364560,1490764354695,2017-03-29-1-12-34PM,network,1.3013822,103.7705103,24.479,-1.0,-1.0,-1.0
2017-03-29-1-12-57PM,1490764377646,1490764379000,2017-03-29-1-12-59PM,gps,1.30172073,103.77057597,8.0,61.70000076293945,22.0,5.0
2017-03-29-1-13-04PM,1490764384561,1490764374706,2017-03-29-1-12-54PM,network,1.301419,103.770465,25.481,-1.0,-1.0,-1.0
2017-03-29-1-13-24PM,1490764404598,1490764394738,2017-03-29-1-13-14PM,network,1.3016753,103.7704198,27.672,-1.0,-1.0,-1.0
2017-03-29-1-13-37PM,1490764417645,1490764419000,2017-03-29-1-13-39PM,gps,1.3033175,103.77097301,12.0,26.899999618530273,11.3,9.25
2017-03-29-1-13-44PM,1490764424845,1490764424698,2017-03-29-1-13-44PM,network,1.3018211,103.7705103,26.385,-1.0,-1.0,-1.0
2017-03-29-1-14-04PM,1490764444914,1490764434735,2017-03-29-1-13-54PM,network,1.3024055,103.7706914,37.247,-1.0,-1.0,-1.0
2017-03-29-1-14-17PM,1490764457653,1490764459000,2017-03-29-1-14-19PM,gps,1.3070476,103.77118536,10.0,18.5,6.7,11.25
2017-03-29-1-14-24PM,1490764464903,1490764454820,2017-03-29-1-14-14PM,network,1.306721,103.770963,50.0,-1.0,-1.0,-1.0
2017-03-29-1-14-37PM,1490764477666,1490764479000,2017-03-29-1-14-39PM,gps,1.3087935,103.77156106,14.0,12.300000190734863,9.8,9.5
2017-03-29-1-14-45PM,1490764485014,1490764474891,2017-03-29-1-14-34PM,network,1.3080361,103.7713251,23.374,-1.0,-1.0,-1.0
2017-03-29-1-14-57PM,1490764497654,1490764499000,2017-03-29-1-14-59PM,gps,1.30910609,103.77159912,11.0,19.0,4.5,0.25
2017-03-29-1-15-05PM,1490764505106,1490764494868,2017-03-29-1-14-54PM,network,1.3090585,103.7716873,25.193,-1.0,-1.0,-1.0
2017-03-29-1-15-17PM,1490764517711,1490764519000,2017-03-29-1-15-19PM,gps,1.3092147,103.77159369,8.0,23.600000381469727,19.6,2.25
2017-03-29-1-15-25PM,1490764525417,1490764524939,2017-03-29-1-15-24PM,network,1.309278,103.7716873,25.991,-1.0,-1.0,-1.0
2017-03-29-1-15-38PM,1490764538663,1490764540000,2017-03-29-1-15-40PM,gps,1.31023341,103.77175092,21.0,30.399999618530273,14.6,8.75
2017-03-29-1-15-45PM,1490764545137,1490764535050,2017-03-29-1-15-35PM,network,1.309278,103.7716873,39.845,-1.0,-1.0,-1.0
2017-03-29-1-15-57PM,1490764557680,1490764559000,2017-03-29-1-15-59PM,gps,1.31160675,103.77203708,15.0,30.799999237060547,8.2,7.5
2017-03-29-1-16-07PM,1490764567723,1490764569000,2017-03-29-1-16-09PM,gps,1.31191619,103.77199034,8.0,27.899999618530273,350.4,1.75
2017-03-29-1-16-17PM,1490764577704,1490764579000,2017-03-29-1-16-19PM,gps,1.31195887,103.77159038,12.0,20.799999237060547,263.6,7.0
2017-03-29-1-16-25PM,1490764585314,1490764585072,2017-03-29-1-16-25PM,network,1.3121321,103.7716873,26.039,-1.0,-1.0,-1.0
2017-03-29-1-16-39PM,1490764599675,1490764601000,2017-03-29-1-16-41PM,gps,1.31167571,103.76982952,32.0,21.799999237060547,256.1,7.5
2017-03-29-1-16-45PM,1490764605265,1490764595077,2017-03-29-1-16-35PM,network,1.3122416,103.7717325,23.174,-1.0,-1.0,-1.0
2017-03-29-1-16-53PM,1490764613697,1490764615000,2017-03-29-1-16-55PM,gps,1.31158968,103.76905894,45.0,22.399999618530273,268.2,5.75
2017-03-29-1-17-06PM,1490764626559,1490764625355,2017-03-29-1-17-05PM,network,1.3118505,103.7696955,22.929,-1.0,-1.0,-1.0
2017-03-29-1-17-25PM,1490764645347,1490764635403,2017-03-29-1-17-15PM,network,1.3118505,103.7696955,29.089,-1.0,-1.0,-1.0
2017-03-29-1-17-37PM,1490764657672,1490764659000,2017-03-29-1-17-39PM,gps,1.31172651,103.76866878,12.0,44.79999923706055,-1.0,0.0
2017-03-29-1-17-45PM,1490764665366,1490764655448,2017-03-29-1-17-35PM,network,1.3119308,103.7684281,24.796,-1.0,-1.0,-1.0
2017-03-29-1-17-57PM,1490764677760,1490764679000,2017-03-29-1-17-59PM,gps,1.31200546,103.76763235,10.0,45.400001525878906,289.4,7.0
2017-03-29-1-18-05PM,1490764685390,1490764675561,2017-03-29-1-17-55PM,network,1.3119308,103.7684281,23.291,-1.0,-1.0,-1.0
2017-03-29-1-18-19PM,1490764699662,1490764701000,2017-03-29-1-18-21PM,gps,1.31214883,103.76710519,38.0,49.0,346.4,0.5
2017-03-29-1-18-25PM,1490764705407,1490764695632,2017-03-29-1-18-15PM,network,1.3106847,103.7687902,23.361,-1.0,-1.0,-1.0
2017-03-29-1-18-38PM,1490764718669,1490764720000,2017-03-29-1-18-40PM,gps,1.31211467,103.76679288,29.0,45.79999923706055,347.7,0.5
2017-03-29-1-18-46PM,1490764726551,1490764725703,2017-03-29-1-18-45PM,network,1.312268,103.7670248,24.442,-1.0,-1.0,-1.0
2017-03-29-1-18-56PM,1490764736706,1490764737441,2017-03-29-1-18-57PM,gps,1.3124517,103.76670753,6.0,20.799999237060547,315.4,1.75
2017-03-29-1-19-05PM,1490764745406,1490764735707,2017-03-29-1-18-55PM,network,1.312378,103.7669796,22.799,-1.0,-1.0,-1.0
2017-03-29-1-19-17PM,1490764757679,1490764759000,2017-03-29-1-19-19PM,gps,1.31243788,103.76665215,13.0,16.600000381469727,-1.0,0.0
2017-03-29-1-19-25PM,1490764765436,1490764755589,2017-03-29-1-19-15PM,network,1.3125244,103.7669796,23.921,-1.0,-1.0,-1.0
2017-03-29-1-19-37PM,1490764777678,1490764779000,2017-03-29-1-19-39PM,gps,1.31243201,103.76665588,11.0,13.5,-1.0,0.0
2017-03-29-1-19-45PM,1490764785453,1490764775746,2017-03-29-1-19-35PM,network,1.3125244,103.7669796,23.928,-1.0,-1.0,-1.0
2017-03-29-1-19-57PM,1490764797680,1490764799000,2017-03-29-1-19-59PM,gps,1.31319064,103.76605227,7.0,13.5,328.7,4.25
2017-03-29-1-20-05PM,1490764805489,1490764795772,2017-03-29-1-19-55PM,network,1.3125244,103.7669796,23.93,-1.0,-1.0,-1.0
2017-03-29-1-20-17PM,1490764817673,1490764819000,2017-03-29-1-20-19PM,gps,1.31356803,103.76564560999999,7.0,12.399999618530273,326.2,2.25
2017-03-29-1-20-26PM,1490764826837,1490764825753,2017-03-29-1-20-25PM,network,1.3135925,103.7657574,21.961,-1.0,-1.0,-1.0
2017-03-29-1-20-37PM,1490764837721,1490764839000,2017-03-29-1-20-39PM,gps,1.31388354,103.76553087,12.0,25.899999618530273,357.2,1.5
2017-03-29-1-20-45PM,1490764845467,1490764839024,2017-03-29-1-20-39PM,network,1.3138489,103.7657121,24.999,-1.0,-1.0,-1.0
2017-03-29-1-20-57PM,1490764857675,1490764859000,2017-03-29-1-20-59PM,gps,1.31454721,103.76517026,13.0,35.099998474121094,319.0,3.75
2017-03-29-1-21-06PM,1490764866604,1490764865888,2017-03-29-1-21-05PM,network,1.3145833,103.7652595,23.951,-1.0,-1.0,-1.0
2017-03-29-1-21-17PM,1490764877683,1490764879000,2017-03-29-1-21-19PM,gps,1.31475784,103.76497695,10.0,49.099998474121094,305.4,0.5
2017-03-29-1-21-25PM,1490764885566,1490764875857,2017-03-29-1-21-15PM,network,1.3160476,103.765169,50.0,-1.0,-1.0,-1.0
2017-03-29-1-21-36PM,1490764896693,1490764897394,2017-03-29-1-21-37PM,gps,1.31478237,103.76497583,8.0,47.29999923706055,321.7,0.5
2017-03-29-1-21-45PM,1490764905442,1490764895946,2017-03-29-1-21-35PM,network,1.3150245,103.7648974,23.036,-1.0,-1.0,-1.0
2017-03-29-1-21-57PM,1490764917685,1490764919000,2017-03-29-1-21-59PM,gps,1.31480146,103.76495746,13.0,49.900001525878906,-1.0,0.0
2017-03-29-1-22-05PM,1490764925506,1490764916080,2017-03-29-1-21-56PM,network,1.3150245,103.7648974,23.348,-1.0,-1.0,-1.0
2017-03-29-1-22-25PM,1490764945519,1490764935650,2017-03-29-1-22-15PM,network,1.314807,103.7645352,23.943,-1.0,-1.0,-1.0
2017-03-29-1-22-31PM,1490764951685,1490764953000,2017-03-29-1-22-33PM,gps,1.31480141,103.76495562,34.0,49.70000076293945,-1.0,0.0
2017-03-29-1-22-45PM,1490764965604,1490764956092,2017-03-29-1-22-36PM,network,1.314807,103.7645352,21.861,-1.0,-1.0,-1.0
2017-03-29-1-22-51PM,1490764971687,1490764973000,2017-03-29-1-22-53PM,gps,1.31478982,103.76455595,49.0,60.900001525878906,178.1,0.75
2017-03-29-1-23-05PM,1490764985572,1490764976141,2017-03-29-1-22-56PM,network,1.314807,103.7645352,21.939,-1.0,-1.0,-1.0
2017-03-29-1-23-25PM,1490765005594,1490764996171,2017-03-29-1-23-16PM,network,1.3145889,103.7642637,27.43,-1.0,-1.0,-1.0
2017-03-29-1-23-45PM,1490765025572,1490765016270,2017-03-29-1-23-36PM,network,1.3144799,103.7641279,21.896,-1.0,-1.0,-1.0
2017-03-29-1-24-05PM,1490765045595,1490765036196,2017-03-29-1-23-56PM,network,1.3144441,103.7639921,23.972,-1.0,-1.0,-1.0
2017-03-29-1-24-25PM,1490765065619,1490765056290,2017-03-29-1-24-16PM,network,1.3143709,103.7639921,22.803,-1.0,-1.0,-1.0
2017-03-29-1-24-45PM,1490765085640,1490765076285,2017-03-29-1-24-36PM,network,1.3144441,103.7639921,22.082,-1.0,-1.0,-1.0
2017-03-29-1-25-05PM,1490765105689,1490765096291,2017-03-29-1-24-56PM,network,1.3144441,103.7639921,22.051,-1.0,-1.0,-1.0
2017-03-29-1-25-25PM,1490765125667,1490765116356,2017-03-29-1-25-16PM,network,1.3144441,103.7639921,22.054,-1.0,-1.0,-1.0
2017-03-29-1-25-45PM,1490765145789,1490765136297,2017-03-29-1-25-36PM,network,1.3143709,103.7639921,22.847,-1.0,-1.0,-1.0
2017-03-29-1-26-05PM,1490765165761,1490765156436,2017-03-29-1-25-56PM,network,1.3144435,103.7640826,22.005,-1.0,-1.0,-1.0
2017-03-29-1-26-25PM,1490765185682,1490765176406,2017-03-29-1-26-16PM,network,1.3144441,103.7639921,23.21,-1.0,-1.0,-1.0
2017-03-29-1-26-45PM,1490765205702,1490765196412,2017-03-29-1-26-36PM,network,1.3142972,103.7640826,24.038,-1.0,-1.0,-1.0
2017-03-29-1-27-06PM,1490765226250,1490765216504,2017-03-29-1-26-56PM,network,1.3144435,103.7640826,21.972,-1.0,-1.0,-1.0
2017-03-29-1-27-15PM,1490765235796,1490765237000,2017-03-29-1-27-17PM,gps,1.31447783,103.76401644,48.0,57.0,301.6,0.75
2017-03-29-1-27-26PM,1490765246293,1490765236431,2017-03-29-1-27-16PM,network,1.3143709,103.7639921,22.766,-1.0,-1.0,-1.0
2017-03-29-1-27-46PM,1490765266351,1490765256593,2017-03-29-1-27-36PM,network,1.3144441,103.7639921,22.954,-1.0,-1.0,-1.0
2017-03-29-1-28-06PM,1490765286260,1490765276576,2017-03-29-1-27-56PM,network,1.3144441,103.7639921,23.897,-1.0,-1.0,-1.0
2017-03-29-1-28-26PM,1490765306760,1490765306491,2017-03-29-1-28-26PM,network,1.3143704,103.7640826,22.459,-1.0,-1.0,-1.0
2017-03-29-1-28-46PM,1490765326641,1490765316572,2017-03-29-1-28-36PM,network,1.3144441,103.7639921,23.09,-1.0,-1.0,-1.0
2017-03-29-1-29-02PM,1490765342877,1490765344000,2017-03-29-1-29-04PM,gps,1.31445595,103.76402671,176.0,60.29999923706055,287.2,0.5
2017-03-29-1-29-26PM,1490765366641,1490765366495,2017-03-29-1-29-26PM,network,1.3143704,103.7640826,22.114,-1.0,-1.0,-1.0
2017-03-29-1-29-46PM,1490765386779,1490765386497,2017-03-29-1-29-46PM,network,1.3145909,103.7639015,33.63,-1.0,-1.0,-1.0
2017-03-29-1-30-08PM,1490765408032,1490765406641,2017-03-29-1-30-06PM,network,1.3151519,103.7650105,35.0,-1.0,-1.0,-1.0
2017-03-29-1-30-26PM,1490765426703,1490765416578,2017-03-29-1-30-16PM,network,1.3151519,103.7650105,35.0,-1.0,-1.0,-1.0
2017-03-29-1-30-46PM,1490765446680,1490765436620,2017-03-29-1-30-36PM,network,1.3148433,103.7645805,36.159,-1.0,-1.0,-1.0
2017-03-29-1-31-07PM,1490765467838,1490765466773,2017-03-29-1-31-06PM,network,1.3150427,103.76492,35.0,-1.0,-1.0,-1.0
2017-03-29-1-31-26PM,1490765486902,1490765486638,2017-03-29-1-31-26PM,network,1.3151529,103.7648295,35.0,-1.0,-1.0,-1.0
2017-03-29-1-31-46PM,1490765506808,1490765506618,2017-03-29-1-31-46PM,network,1.3150078,103.7646031,35.0,-1.0,-1.0,-1.0
2017-03-29-1-32-06PM,1490765526877,1490765526627,2017-03-29-1-32-06PM,network,1.3150078,103.7646031,35.0,-1.0,-1.0,-1.0
2017-03-29-1-32-26PM,1490765546809,1490765536623,2017-03-29-1-32-16PM,network,1.3148433,103.7645805,50.0,-1.0,-1.0,-1.0
2017-03-29-1-32-45PM,1490765565730,1490765567000,2017-03-29-1-32-47PM,gps,1.3142541699999999,103.7638452,114.0,58.599998474121094,233.4,5.0
2017-03-29-1-32-57PM,1490765577149,1490765577774,2017-03-29-1-32-57PM,gps,1.31418838,103.76364554,9.0,26.200000762939453,249.4,1.25
2017-03-29-1-33-06PM,1490765586932,1490765579647,2017-03-29-1-32-59PM,network,1.314225,103.7639015,22.121,-1.0,-1.0,-1.0
2017-03-29-1-33-17PM,1490765597203,1490765597814,2017-03-29-1-33-17PM,gps,1.31417116,103.76365039,6.0,29.399999618530273,-1.0,0.0
2017-03-29-1-33-27PM,1490765607063,1490765599643,2017-03-29-1-33-19PM,network,1.3140049,103.7639921,50.0,-1.0,-1.0,-1.0
2017-03-29-1-33-37PM,1490765617167,1490765617774,2017-03-29-1-33-37PM,gps,1.31423312,103.76362441,6.0,28.200000762939453,-1.0,0.0
2017-03-29-1-33-47PM,1490765627013,1490765616858,2017-03-29-1-33-36PM,network,1.3145193,103.76363,39.029,-1.0,-1.0,-1.0
2017-03-29-1-33-57PM,1490765637760,1490765639000,2017-03-29-1-33-59PM,gps,1.31309272,103.76386639,9.0,26.399999618530273,139.4,10.0
2017-03-29-1-34-09PM,1490765649513,1490765647077,2017-03-29-1-34-07PM,network,1.3134235,103.7632678,24.41,-1.0,-1.0,-1.0
2017-03-29-1-34-17PM,1490765657104,1490765657774,2017-03-29-1-34-17PM,gps,1.3122713,103.76440117,6.0,26.700000762939453,144.4,2.75
2017-03-29-1-34-27PM,1490765667106,1490765660775,2017-03-29-1-34-20PM,network,1.3121742,103.7641731,22.111,-1.0,-1.0,-1.0
2017-03-29-1-34-37PM,1490765677108,1490765677774,2017-03-29-1-34-37PM,gps,1.31215146,103.76451592,4.0,31.899999618530273,122.2,2.75
2017-03-29-1-34-47PM,1490765687034,1490765687754,2017-03-29-1-34-47PM,gps,1.31162024,103.76489506,8.0,34.5,141.2,6.25
2017-03-29-1-34-57PM,1490765697111,1490765697774,2017-03-29-1-34-57PM,gps,1.31201693,103.7652847,7.0,37.79999923706055,34.5,5.5
2017-03-29-1-35-07PM,1490765707114,1490765697022,2017-03-29-1-34-57PM,network,1.3121727,103.7644447,28.147,-1.0,-1.0,-1.0
2017-03-29-1-35-27PM,1490765727060,1490765727774,2017-03-29-1-35-27PM,gps,1.31235497,103.76581564,4.0,35.29999923706055,286.1,1.25
2017-03-29-1-35-37PM,1490765737442,1490765738074,2017-03-29-1-35-38PM,gps,1.31237201,103.76588341,6.0,37.20000076293945,286.1,0.5
2017-03-29-1-35-47PM,1490765747242,1490765737129,2017-03-29-1-35-37PM,network,1.3123836,103.7659837,22.129,-1.0,-1.0,-1.0
2017-03-29-1-35-57PM,1490765757193,1490765757774,2017-03-29-1-35-57PM,gps,1.31259286,103.76611147,6.0,30.0,47.0,0.5
2017-03-29-1-36-07PM,1490765767163,1490765757218,2017-03-29-1-35-57PM,network,1.3123831,103.7660743,23.654,-1.0,-1.0,-1.0
2017-03-29-1-36-18PM,1490765778746,1490765780000,2017-03-29-1-36-20PM,gps,1.31264424,103.76710822,19.0,30.0,100.8,6.75
2017-03-29-1-36-27PM,1490765787151,1490765777225,2017-03-29-1-36-17PM,network,1.3129651,103.766708,22.664,-1.0,-1.0,-1.0
2017-03-29-1-36-37PM,1490765797826,1490765799000,2017-03-29-1-36-39PM,gps,1.31203912,103.76844139,9.0,27.399999618530273,115.3,6.5
2017-03-29-1-36-47PM,1490765807353,1490765797324,2017-03-29-1-36-37PM,network,1.3129651,103.766708,22.117,-1.0,-1.0,-1.0
2017-03-29-1-36-58PM,1490765818761,1490765820000,2017-03-29-1-37-00PM,gps,1.31217506,103.76973665,18.0,29.299999237060547,79.0,3.75
2017-03-29-1-37-07PM,1490765827178,1490765817436,2017-03-29-1-36-57PM,network,1.3118505,103.7696955,27.354,-1.0,-1.0,-1.0
2017-03-29-1-37-27PM,1490765847189,1490765837437,2017-03-29-1-37-17PM,network,1.3118505,103.7696955,23.634,-1.0,-1.0,-1.0
2017-03-29-1-37-47PM,1490765867252,1490765857426,2017-03-29-1-37-37PM,network,1.3119964,103.769786,24.03,-1.0,-1.0,-1.0
2017-03-29-1-37-57PM,1490765877857,1490765879000,2017-03-29-1-37-59PM,gps,1.31225817,103.77135981,14.0,28.899999618530273,76.3,0.75
2017-03-29-1-38-07PM,1490765887230,1490765877557,2017-03-29-1-37-57PM,network,1.3120599,103.7715062,22.538,-1.0,-1.0,-1.0
2017-03-29-1-38-17PM,1490765897845,1490765899000,2017-03-29-1-38-19PM,gps,1.31225397,103.77143659,10.0,30.399999618530273,-1.0,0.0
2017-03-29-1-38-27PM,1490765907237,1490765897628,2017-03-29-1-38-17PM,network,1.3120963,103.7715515,22.696,-1.0,-1.0,-1.0
2017-03-29-1-38-37PM,1490765917120,1490765917774,2017-03-29-1-38-37PM,gps,1.31230475,103.77144822,5.0,33.20000076293945,-1.0,0.0
2017-03-29-1-38-47PM,1490765927114,1490765927774,2017-03-29-1-38-47PM,gps,1.31229705,103.77148558,8.0,32.599998474121094,159.6,0.75
2017-03-29-1-38-57PM,1490765937161,1490765937794,2017-03-29-1-38-57PM,gps,1.31215876,103.77175256,4.0,23.200000762939453,115.1,2.0
2017-03-29-1-39-07PM,1490765947110,1490765947774,2017-03-29-1-39-07PM,gps,1.31223538,103.77226575,7.0,23.899999618530273,90.1,5.25
2017-03-29-1-39-17PM,1490765957765,1490765959000,2017-03-29-1-39-19PM,gps,1.31123269,103.77234642,12.0,27.200000762939453,181.1,7.75
2017-03-29-1-39-27PM,1490765967242,1490765957692,2017-03-29-1-39-17PM,network,1.3122058,103.7715967,24.506,-1.0,-1.0,-1.0
2017-03-29-1-39-47PM,1490765987156,1490765987794,2017-03-29-1-39-47PM,gps,1.30839039,103.77169129,8.0,27.299999237060547,191.8,10.75
2017-03-29-1-39-57PM,1490765997782,1490765999000,2017-03-29-1-39-59PM,gps,1.30805707,103.77181124,8.0,33.29999923706055,318.3,1.25
2017-03-29-1-40-07PM,1490766007411,1490765997689,2017-03-29-1-39-57PM,network,1.3094244,103.7716873,22.871,-1.0,-1.0,-1.0
2017-03-29-1-40-17PM,1490766017867,1490766019000,2017-03-29-1-40-19PM,gps,1.30805957,103.77174235,12.0,30.200000762939453,302.8,0.5
2017-03-29-1-40-34PM,1490766034729,1490766027710,2017-03-29-1-40-27PM,network,1.3080371,103.771144,23.405,-1.0,-1.0,-1.0
2017-03-29-1-40-47PM,1490766047433,1490766037782,2017-03-29-1-40-37PM,network,1.3080371,103.771144,23.406,-1.0,-1.0,-1.0
2017-03-29-1-41-07PM,1490766067146,1490766067774,2017-03-29-1-41-07PM,gps,1.305771,103.77129212,8.0,28.299999237060547,-1.0,0.0
2017-03-29-1-41-17PM,1490766077160,1490766077774,2017-03-29-1-41-17PM,gps,1.30576526,103.77130555,4.0,26.0,177.8,2.25
2017-03-29-1-41-27PM,1490766087493,1490766077813,2017-03-29-1-41-17PM,network,1.3066539,103.7698766,50.0,-1.0,-1.0,-1.0
2017-03-29-1-41-37PM,1490766097850,1490766099000,2017-03-29-1-41-39PM,gps,1.30369236,103.77124812,12.0,22.5,186.3,12.5
2017-03-29-1-41-47PM,1490766107562,1490766097808,2017-03-29-1-41-37PM,network,1.3050794,103.7701029,23.186,-1.0,-1.0,-1.0
2017-03-29-1-42-07PM,1490766127452,1490766117924,2017-03-29-1-41-57PM,network,1.3050794,103.7701029,23.187,-1.0,-1.0,-1.0
2017-03-29-1-42-17PM,1490766137785,1490766139000,2017-03-29-1-42-19PM,gps,1.3006727,103.77021391,8.0,24.0,-1.0,0.0
2017-03-29-1-42-28PM,1490766148392,1490766147987,2017-03-29-1-42-27PM,network,1.3015305,103.7701482,26.069,-1.0,-1.0,-1.0
2017-03-29-1-42-37PM,1490766157791,1490766159000,2017-03-29-1-42-39PM,gps,1.30075352,103.77025889,15.0,29.700000762939453,-1.0,0.0
2017-03-29-1-42-47PM,1490766167504,1490766158189,2017-03-29-1-42-38PM,network,1.3000708,103.7695145,36.305,-1.0,-1.0,-1.0
2017-03-29-1-42-57PM,1490766177810,1490766179000,2017-03-29-1-42-59PM,gps,1.29875904,103.77001557,11.0,26.100000381469727,180.5,10.0
2017-03-29-1-43-10PM,1490766190682,1490766187870,2017-03-29-1-43-07PM,network,1.301091,103.7702387,50.0,-1.0,-1.0,-1.0
2017-03-29-1-43-17PM,1490766197175,1490766197794,2017-03-29-1-43-17PM,gps,1.29791418,103.76999508,9.0,21.899999618530273,194.8,0.5
2017-03-29-1-43-27PM,1490766207816,1490766209000,2017-03-29-1-43-29PM,gps,1.29780212,103.76995705,7.0,27.899999618530273,193.6,1.0
2017-03-29-1-43-47PM,1490766227208,1490766227794,2017-03-29-1-43-47PM,gps,1.2964722,103.76977224,8.0,30.799999237060547,187.2,9.25
2017-03-29-1-43-57PM,1490766237203,1490766237794,2017-03-29-1-43-57PM,gps,1.29625327,103.77003212,7.0,35.5,128.4,3.5
2017-03-29-1-44-07PM,1490766247573,1490766237913,2017-03-29-1-43-57PM,network,1.2975813,103.7698766,29.937,-1.0,-1.0,-1.0
2017-03-29-1-44-27PM,1490766267125,1490766267803,2017-03-29-1-44-27PM,gps,1.29643639,103.77089373,6.0,33.29999923706055,-1.0,0.0
2017-03-29-1-44-37PM,1490766277834,1490766279000,2017-03-29-1-44-39PM,gps,1.29645042,103.77090901,7.0,32.5,-1.0,0.0
2017-03-29-1-44-47PM,1490766287516,1490766278062,2017-03-29-1-44-38PM,network,1.2952723,103.771271,72.9,-1.0,-1.0,-1.0
2017-03-29-1-44-57PM,1490766297231,1490766297843,2017-03-29-1-44-57PM,gps,1.29647915,103.77125398,4.0,35.5,88.4,3.25
2017-03-29-1-45-07PM,1490766307167,1490766307763,2017-03-29-1-45-07PM,gps,1.29646658,103.77123127,5.0,35.599998474121094,86.6,0.5
2017-03-29-1-45-17PM,1490766317168,1490766317763,2017-03-29-1-45-17PM,gps,1.29653202,103.77128749,5.0,32.29999923706055,-1.0,0.0
2017-03-29-1-45-27PM,1490766327844,1490766329000,2017-03-29-1-45-29PM,gps,1.29642657,103.7718945,9.0,35.20000076293945,79.1,5.25
2017-03-29-1-45-48PM,1490766348792,1490766347934,2017-03-29-1-45-47PM,network,1.296875,103.7719136,50.0,-1.0,-1.0,-1.0
2017-03-29-1-46-08PM,1490766368532,1490766368058,2017-03-29-1-46-08PM,network,1.2972736,103.7725926,23.381,-1.0,-1.0,-1.0
2017-03-29-1-46-27PM,1490766387295,1490766387823,2017-03-29-1-46-27PM,gps,1.29717913,103.77268003,8.0,39.599998474121094,235.4,0.75
2017-03-29-1-46-37PM,1490766397177,1490766397783,2017-03-29-1-46-37PM,gps,1.29717512,103.772709,5.0,45.70000076293945,235.4,0.5
2017-03-29-1-46-47PM,1490766407286,1490766407803,2017-03-29-1-46-47PM,gps,1.29708228,103.77262451,3.0,63.599998474121094,200.9,0.75
2017-03-29-1-46-57PM,1490766417500,1490766418076,2017-03-29-1-46-58PM,gps,1.29696836,103.77263203,4.0,57.900001525878906,165.0,1.0
2017-03-29-1-47-07PM,1490766427870,1490766418078,2017-03-29-1-46-58PM,network,1.2971273,103.7725926,22.441,-1.0,-1.0,-1.0
2017-03-29-1-47-17PM,1490766437169,1490766437772,2017-03-29-1-47-17PM,gps,1.29680752,103.77269758,4.0,51.0,201.3,0.75
2017-03-29-1-47-27PM,1490766447170,1490766447772,2017-03-29-1-47-27PM,gps,1.29670816,103.77272143,7.0,53.400001525878906,168.1,0.75
2017-03-29-1-47-37PM,1490766457353,1490766457952,2017-03-29-1-47-37PM,gps,1.29666777,103.7727853,6.0,50.79999923706055,130.5,0.75
2017-03-29-1-47-48PM,1490766468010,1490766458344,2017-03-29-1-47-38PM,network,1.2965764,103.773,32.238,-1.0,-1.0,-1.0
2017-03-29-1-47-58PM,1490766478811,1490766480000,2017-03-29-1-48-00PM,gps,1.29654031,103.77291552,25.0,46.20000076293945,122.9,0.75
2017-03-29-1-48-07PM,1490766487885,1490766487070,2017-03-29-1-48-07PM,network,1.2965401,103.7729547,23.366,-1.0,-1.0,-1.0
2017-03-29-1-48-19PM,1490766499809,1490766501000,2017-03-29-1-48-21PM,gps,1.29640559,103.77301849,30.0,44.79999923706055,181.5,0.75
2017-03-29-1-48-27PM,1490766507925,1490766505134,2017-03-29-1-48-25PM,network,1.2963933,103.7730453,22.123,-1.0,-1.0,-1.0
2017-03-29-1-48-37PM,1490766517826,1490766519000,2017-03-29-1-48-39PM,gps,1.29635417,103.77315151,10.0,41.70000076293945,93.5,0.75
2017-03-29-1-48-47PM,1490766527872,1490766525166,2017-03-29-1-48-45PM,network,1.2963928,103.7731358,22.121,-1.0,-1.0,-1.0
2017-03-29-1-48-57PM,1490766537355,1490766537852,2017-03-29-1-48-57PM,gps,1.29622825,103.77328658,7.0,55.099998474121094,213.9,0.75
2017-03-29-1-49-07PM,1490766547224,1490766547852,2017-03-29-1-49-07PM,gps,1.29619624,103.77333619,5.0,53.900001525878906,118.4,1.0
2017-03-29-1-49-17PM,1490766557354,1490766557872,2017-03-29-1-49-17PM,gps,1.29615407,103.77336192,5.0,59.5,151.2,0.75
2017-03-29-1-49-27PM,1490766567474,1490766567992,2017-03-29-1-49-27PM,gps,1.29603722,103.77339958,5.0,58.900001525878906,146.6,1.0
2017-03-29-1-49-47PM,1490766587246,1490766587832,2017-03-29-1-49-47PM,gps,1.29578509,103.77341679,6.0,58.79999923706055,177.8,1.25
2017-03-29-1-49-57PM,1490766597252,1490766597852,2017-03-29-1-49-57PM,gps,1.29565023,103.77345996,5.0,52.70000076293945,163.2,1.25
2017-03-29-1-50-07PM,1490766607318,1490766607832,2017-03-29-1-50-07PM,gps,1.29554656,103.77350155,5.0,56.79999923706055,170.2,1.0
2017-03-29-1-50-17PM,1490766617193,1490766617852,2017-03-29-1-50-17PM,gps,1.29546293,103.77353881,5.0,51.0,171.6,1.0
2017-03-29-1-50-27PM,1490766627894,1490766625223,2017-03-29-1-50-25PM,network,1.2953656,103.773679,23.263,-1.0,-1.0,-1.0
2017-03-29-1-50-49PM,1490766649041,1490766648546,2017-03-29-1-50-48PM,network,1.2954372,103.7739506,24.017,-1.0,-1.0,-1.0
2017-03-29-1-51-08PM,1490766668200,1490766658621,2017-03-29-1-50-58PM,network,1.2954372,103.7739506,24.017,-1.0,-1.0,-1.0
2017-03-29-1-51-30PM,1490766690205,1490766688858,2017-03-29-1-51-28PM,network,1.294962,103.7739054,21.954,-1.0,-1.0,-1.0
2017-03-29-1-51-48PM,1490766708330,1490766704394,2017-03-29-1-51-44PM,network,1.2949252,103.7739506,22.822,-1.0,-1.0,-1.0
2017-03-29-1-52-08PM,1490766728466,1490766724373,2017-03-29-1-52-04PM,network,1.2946684,103.7740864,21.936,-1.0,-1.0,-1.0
2017-03-29-1-52-28PM,1490766748463,1490766744403,2017-03-29-1-52-24PM,network,1.2947047,103.7741317,22.11,-1.0,-1.0,-1.0
2017-03-29-1-52-48PM,1490766768420,1490766764354,2017-03-29-1-52-44PM,network,1.2948515,103.7740412,22.113,-1.0,-1.0,-1.0
2017-03-29-1-53-01PM,1490766781881,1490766783000,2017-03-29-1-53-03PM,gps,1.29493558,103.77400863,230.0,52.29999923706055,331.0,1.0
2017-03-29-1-53-08PM,1490766788508,1490766784401,2017-03-29-1-53-04PM,network,1.2949252,103.7739506,22.764,-1.0,-1.0,-1.0
2017-03-29-1-53-28PM,1490766808398,1490766804441,2017-03-29-1-53-24PM,network,1.295072,103.7738601,22.708,-1.0,-1.0,-1.0
2017-03-29-1-53-48PM,1490766828355,1490766824317,2017-03-29-1-53-44PM,network,1.294962,103.7739054,23.186,-1.0,-1.0,-1.0
2017-03-29-1-54-08PM,1490766848394,1490766844364,2017-03-29-1-54-04PM,network,1.294962,103.7739054,23.181,-1.0,-1.0,-1.0
2017-03-29-1-54-28PM,1490766868378,1490766864390,2017-03-29-1-54-24PM,network,1.294962,103.7739054,23.186,-1.0,-1.0,-1.0
2017-03-29-1-54-48PM,1490766888388,1490766884395,2017-03-29-1-54-44PM,network,1.294962,103.7739054,23.187,-1.0,-1.0,-1.0
2017-03-29-1-55-08PM,1490766908412,1490766904416,2017-03-29-1-55-04PM,network,1.2949988,103.7738601,22.11,-1.0,-1.0,-1.0
2017-03-29-1-55-28PM,1490766928406,1490766924426,2017-03-29-1-55-24PM,network,1.294962,103.7739054,23.187,-1.0,-1.0,-1.0
2017-03-29-1-55-48PM,1490766948547,1490766944437,2017-03-29-1-55-44PM,network,1.294962,103.7739054,23.187,-1.0,-1.0,-1.0
2017-03-29-1-56-08PM,1490766968407,1490766964424,2017-03-29-1-56-04PM,network,1.2949988,103.7738601,22.115,-1.0,-1.0,-1.0
2017-03-29-1-56-28PM,1490766988428,1490766984421,2017-03-29-1-56-24PM,network,1.2949988,103.7738601,22.115,-1.0,-1.0,-1.0
2017-03-29-1-56-48PM,1490767008437,1490767004438,2017-03-29-1-56-44PM,network,1.295072,103.7738601,22.121,-1.0,-1.0,-1.0
2017-03-29-1-57-08PM,1490767028453,1490767024498,2017-03-29-1-57-04PM,network,1.2949988,103.7738601,22.113,-1.0,-1.0,-1.0
2017-03-29-1-57-28PM,1490767048426,1490767044466,2017-03-29-1-57-24PM,network,1.295072,103.7738601,23.375,-1.0,-1.0,-1.0
2017-03-29-1-57-48PM,1490767068438,1490767064450,2017-03-29-1-57-44PM,network,1.294962,103.7739054,21.955,-1.0,-1.0,-1.0
2017-03-29-1-58-08PM,1490767088450,1490767084455,2017-03-29-1-58-04PM,network,1.294962,103.7739054,21.953,-1.0,-1.0,-1.0
2017-03-29-1-58-29PM,1490767109247,1490767104588,2017-03-29-1-58-24PM,network,1.295072,103.7738601,23.375,-1.0,-1.0,-1.0
2017-03-29-1-58-49PM,1490767129284,1490767124620,2017-03-29-1-58-44PM,network,1.2949988,103.7738601,22.117,-1.0,-1.0,-1.0
2017-03-29-1-59-09PM,1490767149258,1490767144540,2017-03-29-1-59-04PM,network,1.2949988,103.7738601,22.11,-1.0,-1.0,-1.0
2017-03-29-1-59-29PM,1490767169304,1490767164478,2017-03-29-1-59-24PM,network,1.294962,103.7739054,23.195,-1.0,-1.0,-1.0
2017-03-29-1-59-50PM,1490767190124,1490767190031,2017-03-29-1-59-50PM,network,1.294962,103.7739054,23.185,-1.0,-1.0,-1.0
2017-03-29-2-00-10PM,1490767210304,1490767210039,2017-03-29-2-00-10PM,network,1.2949988,103.7738601,22.117,-1.0,-1.0,-1.0
2017-03-29-2-00-30PM,1490767230152,1490767230034,2017-03-29-2-00-30PM,network,1.294962,103.7739054,23.181,-1.0,-1.0,-1.0
2017-03-29-2-00-50PM,1490767250153,1490767250011,2017-03-29-2-00-50PM,network,1.2951083,103.7739054,24.409,-1.0,-1.0,-1.0
2017-03-29-2-01-10PM,1490767270157,1490767264468,2017-03-29-2-01-04PM,network,1.294962,103.7739054,21.954,-1.0,-1.0,-1.0
2017-03-29-2-01-30PM,1490767290225,1490767284530,2017-03-29-2-01-24PM,network,1.2949988,103.7738601,22.113,-1.0,-1.0,-1.0
2017-03-29-2-01-50PM,1490767310261,1490767304617,2017-03-29-2-01-44PM,network,1.2949988,103.7738601,22.108,-1.0,-1.0,-1.0
2017-03-29-2-02-10PM,1490767330275,1490767324564,2017-03-29-2-02-04PM,network,1.2949988,103.7738601,22.114,-1.0,-1.0,-1.0
2017-03-29-2-02-30PM,1490767350317,1490767344649,2017-03-29-2-02-24PM,network,1.2949988,103.7738601,22.117,-1.0,-1.0,-1.0
2017-03-29-2-02-50PM,1490767370209,1490767364532,2017-03-29-2-02-44PM,network,1.2949988,103.7738601,22.114,-1.0,-1.0,-1.0
2017-03-29-2-03-10PM,1490767390691,1490767390479,2017-03-29-2-03-10PM,network,1.295072,103.7738601,22.706,-1.0,-1.0,-1.0
2017-03-29-2-03-30PM,1490767410737,1490767410472,2017-03-29-2-03-30PM,network,1.2949988,103.7738601,22.819,-1.0,-1.0,-1.0
2017-03-29-2-03-50PM,1490767430638,1490767424664,2017-03-29-2-03-44PM,network,1.2949988,103.7738601,22.114,-1.0,-1.0,-1.0
2017-03-29-2-04-10PM,1490767450646,1490767444696,2017-03-29-2-04-04PM,network,1.2949988,103.7738601,22.108,-1.0,-1.0,-1.0
2017-03-29-2-04-30PM,1490767470662,1490767464604,2017-03-29-2-04-24PM,network,1.2949988,103.7738601,22.112,-1.0,-1.0,-1.0
2017-03-29-2-04-50PM,1490767490651,1490767484585,2017-03-29-2-04-44PM,network,1.2949988,103.7738601,22.113,-1.0,-1.0,-1.0
2017-03-29-2-05-10PM,1490767510667,1490767504610,2017-03-29-2-05-04PM,network,1.2949988,103.7738601,22.115,-1.0,-1.0,-1.0
2017-03-29-2-05-30PM,1490767530663,1490767524527,2017-03-29-2-05-24PM,network,1.2949988,103.7738601,22.124,-1.0,-1.0,-1.0
2017-03-29-2-05-50PM,1490767550692,1490767544652,2017-03-29-2-05-44PM,network,1.295072,103.7738601,22.121,-1.0,-1.0,-1.0
2017-03-29-2-06-10PM,1490767570986,1490767570866,2017-03-29-2-06-10PM,network,1.2949988,103.7738601,22.112,-1.0,-1.0,-1.0
2017-03-29-2-06-30PM,1490767590990,1490767590845,2017-03-29-2-06-30PM,network,1.2949988,103.7738601,22.114,-1.0,-1.0,-1.0
2017-03-29-2-06-51PM,1490767611011,1490767604702,2017-03-29-2-06-44PM,network,1.2949988,103.7738601,22.113,-1.0,-1.0,-1.0
2017-03-29-2-07-11PM,1490767631191,1490767624735,2017-03-29-2-07-04PM,network,1.2949988,103.7738601,22.116,-1.0,-1.0,-1.0
2017-03-29-2-07-31PM,1490767651034,1490767644693,2017-03-29-2-07-24PM,network,1.295072,103.7738601,22.706,-1.0,-1.0,-1.0
2017-03-29-2-07-51PM,1490767671063,1490767664613,2017-03-29-2-07-44PM,network,1.295072,103.7738601,22.117,-1.0,-1.0,-1.0
2017-03-29-2-08-11PM,1490767691165,1490767684676,2017-03-29-2-08-04PM,network,1.2949988,103.7738601,22.117,-1.0,-1.0,-1.0
2017-03-29-2-08-31PM,1490767711043,1490767704591,2017-03-29-2-08-24PM,network,1.2949988,103.7738601,22.115,-1.0,-1.0,-1.0
2017-03-29-2-08-51PM,1490767731043,1490767724718,2017-03-29-2-08-44PM,network,1.295072,103.7738601,22.707,-1.0,-1.0,-1.0
2017-03-29-2-09-11PM,1490767751066,1490767744688,2017-03-29-2-09-04PM,network,1.2949988,103.7738601,22.125,-1.0,-1.0,-1.0
2017-03-29-2-09-31PM,1490767771406,1490767771227,2017-03-29-2-09-31PM,network,1.295072,103.7738601,22.12,-1.0,-1.0,-1.0
2017-03-29-2-09-51PM,1490767791419,1490767784713,2017-03-29-2-09-44PM,network,1.2949988,103.7738601,22.121,-1.0,-1.0,-1.0
2017-03-29-2-10-11PM,1490767811482,1490767811363,2017-03-29-2-10-11PM,network,1.2949988,103.7738601,23.361,-1.0,-1.0,-1.0
2017-03-29-2-10-31PM,1490767831498,1490767824761,2017-03-29-2-10-24PM,network,1.2949988,103.7738601,22.115,-1.0,-1.0,-1.0
2017-03-29-2-10-51PM,1490767851545,1490767844781,2017-03-29-2-10-44PM,network,1.2949988,103.7738601,22.109,-1.0,-1.0,-1.0
2017-03-29-2-11-11PM,1490767871705,1490767871526,2017-03-29-2-11-11PM,network,1.2949988,103.7738601,22.104,-1.0,-1.0,-1.0
2017-03-29-2-11-31PM,1490767891625,1490767891535,2017-03-29-2-11-31PM,network,1.2949988,103.7738601,22.111,-1.0,-1.0,-1.0
2017-03-29-2-11-51PM,1490767911701,1490767904840,2017-03-29-2-11-44PM,network,1.2949988,103.7738601,22.111,-1.0,-1.0,-1.0
2017-03-29-2-12-11PM,1490767931935,1490767931847,2017-03-29-2-12-11PM,network,1.2949988,103.7738601,22.117,-1.0,-1.0,-1.0
2017-03-29-2-12-31PM,1490767951977,1490767951790,2017-03-29-2-12-31PM,network,1.2949988,103.7738601,22.1,-1.0,-1.0,-1.0
2017-03-29-2-12-52PM,1490767972988,1490767971801,2017-03-29-2-12-51PM,network,1.294962,103.7739054,21.954,-1.0,-1.0,-1.0
2017-03-29-2-13-13PM,1490767993759,1490767991886,2017-03-29-2-13-11PM,network,1.2949988,103.7738601,22.111,-1.0,-1.0,-1.0
2017-03-29-2-13-33PM,1490768013781,1490768011914,2017-03-29-2-13-31PM,network,1.2949988,103.7738601,22.101,-1.0,-1.0,-1.0
2017-03-29-2-13-53PM,1490768033796,1490768031921,2017-03-29-2-13-51PM,network,1.2949988,103.7738601,22.114,-1.0,-1.0,-1.0
2017-03-29-2-14-13PM,1490768053815,1490768051955,2017-03-29-2-14-11PM,network,1.2949988,103.7738601,22.102,-1.0,-1.0,-1.0
2017-03-29-2-14-33PM,1490768073887,1490768072117,2017-03-29-2-14-32PM,network,1.2949988,103.7738601,22.105,-1.0,-1.0,-1.0
2017-03-29-2-14-53PM,1490768093956,1490768092045,2017-03-29-2-14-52PM,network,1.2949988,103.7738601,22.113,-1.0,-1.0,-1.0
2017-03-29-2-15-13PM,1490768113993,1490768112157,2017-03-29-2-15-12PM,network,1.2949988,103.7738601,22.112,-1.0,-1.0,-1.0
2017-03-29-2-15-33PM,1490768133959,1490768132144,2017-03-29-2-15-32PM,network,1.2949988,103.7738601,22.115,-1.0,-1.0,-1.0
2017-03-29-2-15-54PM,1490768154934,1490768152251,2017-03-29-2-15-52PM,network,1.2949988,103.7738601,22.123,-1.0,-1.0,-1.0
2017-03-29-2-16-14PM,1490768174972,1490768174780,2017-03-29-2-16-14PM,network,1.294962,103.7739054,23.186,-1.0,-1.0,-1.0
2017-03-29-2-16-34PM,1490768194942,1490768192396,2017-03-29-2-16-32PM,network,1.2949988,103.7738601,22.11,-1.0,-1.0,-1.0
2017-03-29-2-16-54PM,1490768214987,1490768212442,2017-03-29-2-16-52PM,network,1.2949988,103.7738601,22.113,-1.0,-1.0,-1.0
2017-03-29-2-17-15PM,1490768235129,1490768232486,2017-03-29-2-17-12PM,network,1.294853,103.7737696,22.12,-1.0,-1.0,-1.0
2017-03-29-2-17-35PM,1490768255032,1490768252505,2017-03-29-2-17-32PM,network,1.2947799,103.7737696,22.929,-1.0,-1.0,-1.0
2017-03-29-2-17-55PM,1490768275040,1490768272568,2017-03-29-2-17-52PM,network,1.2948515,103.7740412,33.857,-1.0,-1.0,-1.0
2017-03-29-2-18-03PM,1490768283944,1490768285000,2017-03-29-2-18-05PM,gps,1.29480811,103.77387255,32.0,63.900001525878906,-1.0,0.0
2017-03-29-2-18-15PM,1490768295061,1490768294892,2017-03-29-2-18-14PM,network,1.2947052,103.7740412,32.24,-1.0,-1.0,-1.0
2017-03-29-2-18-35PM,1490768315082,1490768312867,2017-03-29-2-18-32PM,network,1.2946684,103.7740864,23.201,-1.0,-1.0,-1.0
2017-03-29-2-18-48PM,1490768328509,1490768329000,2017-03-29-2-18-49PM,gps,1.29445027,103.77388449,33.0,58.5,193.2,3.0
2017-03-29-2-18-55PM,1490768335081,1490768334847,2017-03-29-2-18-54PM,network,1.2946311,103.7742222,26.75,-1.0,-1.0,-1.0
2017-03-29-2-19-15PM,1490768355060,1490768354701,2017-03-29-2-19-14PM,network,1.2944106,103.7744033,34.809,-1.0,-1.0,-1.0
2017-03-29-2-19-35PM,1490768375084,1490768374757,2017-03-29-2-19-34PM,network,1.2944838,103.7744033,36.752,-1.0,-1.0,-1.0
2017-03-29-2-19-55PM,1490768395125,1490768394833,2017-03-29-2-19-54PM,network,1.2944106,103.7744033,30.906,-1.0,-1.0,-1.0
2017-03-29-2-20-15PM,1490768415127,1490768414801,2017-03-29-2-20-14PM,network,1.2941917,103.7743128,25.173,-1.0,-1.0,-1.0
2017-03-29-2-20-30PM,1490768430961,1490768432000,2017-03-29-2-20-32PM,gps,1.29412548,103.77431222,38.0,57.79999923706055,180.8,0.25
2017-03-29-2-20-47PM,1490768447389,1490768447792,2017-03-29-2-20-47PM,gps,1.29430773,103.77424346,7.0,64.0999984741211,180.8,0.25
2017-03-29-2-20-55PM,1490768455129,1490768454865,2017-03-29-2-20-54PM,network,1.2941185,103.7743128,27.569,-1.0,-1.0,-1.0
2017-03-29-2-21-07PM,1490768467963,1490768469000,2017-03-29-2-21-09PM,gps,1.29425776,103.77426945,9.0,70.4000015258789,180.8,0.5
2017-03-29-2-21-15PM,1490768475116,1490768474752,2017-03-29-2-21-14PM,network,1.2941185,103.7743128,28.564,-1.0,-1.0,-1.0
2017-03-29-2-21-27PM,1490768487294,1490768487812,2017-03-29-2-21-27PM,gps,1.29431243,103.77430006,6.0,70.9000015258789,180.8,0.25
2017-03-29-2-21-35PM,1490768495187,1490768494851,2017-03-29-2-21-34PM,network,1.2940822,103.7742675,28.124,-1.0,-1.0,-1.0
2017-03-29-2-21-47PM,1490768507378,1490768507812,2017-03-29-2-21-47PM,gps,1.29433357,103.77430491,8.0,66.69999694824219,-1.0,0.0
2017-03-29-2-21-55PM,1490768515184,1490768514827,2017-03-29-2-21-54PM,network,1.2942285,103.7742675,24.401,-1.0,-1.0,-1.0
2017-03-29-2-22-07PM,1490768527448,1490768527892,2017-03-29-2-22-07PM,gps,1.29433383,103.77433686,4.0,69.19999694824219,-1.0,0.0
2017-03-29-2-22-15PM,1490768535200,1490768534837,2017-03-29-2-22-14PM,network,1.2941185,103.7743128,25.977,-1.0,-1.0,-1.0
2017-03-29-2-22-35PM,1490768555125,1490768554900,2017-03-29-2-22-34PM,network,1.2940454,103.7743128,29.187,-1.0,-1.0,-1.0
2017-03-29-2-22-47PM,1490768567530,1490768567972,2017-03-29-2-22-47PM,gps,1.29433018,103.77431321,6.0,59.400001525878906,-1.0,0.0
2017-03-29-2-22-55PM,1490768575260,1490768574938,2017-03-29-2-22-54PM,network,1.294119,103.7742222,30.822,-1.0,-1.0,-1.0
2017-03-29-2-23-15PM,1490768595198,1490768594889,2017-03-29-2-23-14PM,network,1.2940822,103.7742675,29.461,-1.0,-1.0,-1.0
2017-03-29-2-23-27PM,1490768607673,1490768608112,2017-03-29-2-23-28PM,gps,1.29433325,103.77429725,8.0,53.79999923706055,-1.0,0.0
2017-03-29-2-23-35PM,1490768615404,1490768614839,2017-03-29-2-23-34PM,network,1.2940822,103.7742675,29.492,-1.0,-1.0,-1.0
2017-03-29-2-23-47PM,1490768627649,1490768628092,2017-03-29-2-23-48PM,gps,1.29433208,103.77429663,6.0,54.29999923706055,-1.0,0.0
2017-03-29-2-23-55PM,1490768635227,1490768634883,2017-03-29-2-23-54PM,network,1.2944101,103.7744938,34.83,-1.0,-1.0,-1.0
2017-03-29-2-24-07PM,1490768647378,1490768647812,2017-03-29-2-24-07PM,gps,1.29432773,103.77430653,6.0,55.099998474121094,180.8,0.75
2017-03-29-2-24-16PM,1490768656305,1490768654846,2017-03-29-2-24-14PM,network,1.2944106,103.7744033,27.175,-1.0,-1.0,-1.0
2017-03-29-2-24-27PM,1490768667508,1490768667932,2017-03-29-2-24-27PM,gps,1.29430825,103.77429549,7.0,56.20000076293945,180.8,0.5
2017-03-29-2-24-36PM,1490768676384,1490768674897,2017-03-29-2-24-34PM,network,1.2941917,103.7743128,25.87,-1.0,-1.0,-1.0
2017-03-29-2-24-56PM,1490768696288,1490768694894,2017-03-29-2-24-54PM,network,1.2944106,103.7744033,29.939,-1.0,-1.0,-1.0
2017-03-29-2-25-07PM,1490768707977,1490768709000,2017-03-29-2-25-09PM,gps,1.29439977,103.77435764,11.0,54.099998474121094,180.8,0.5
2017-03-29-2-25-16PM,1490768716338,1490768714862,2017-03-29-2-25-14PM,network,1.2940822,103.7742675,27.574,-1.0,-1.0,-1.0
2017-03-29-2-25-27PM,1490768727383,1490768727812,2017-03-29-2-25-27PM,gps,1.29443528,103.77424782,7.0,47.79999923706055,180.8,0.5
2017-03-29-2-25-36PM,1490768736325,1490768734903,2017-03-29-2-25-34PM,network,1.2940454,103.7743128,30.597,-1.0,-1.0,-1.0
2017-03-29-2-25-47PM,1490768747381,1490768747812,2017-03-29-2-25-47PM,gps,1.2943555,103.77423248,7.0,43.79999923706055,-1.0,0.0
2017-03-29-2-25-56PM,1490768756333,1490768754832,2017-03-29-2-25-54PM,network,1.2940822,103.7742675,29.452,-1.0,-1.0,-1.0
2017-03-29-2-26-07PM,1490768767363,1490768767792,2017-03-29-2-26-07PM,gps,1.29432387,103.77422961,5.0,40.0,-1.0,0.0
2017-03-29-2-26-16PM,1490768776343,1490768774848,2017-03-29-2-26-14PM,network,1.2942285,103.7742675,27.965,-1.0,-1.0,-1.0
2017-03-29-2-26-36PM,1490768796335,1490768794941,2017-03-29-2-26-34PM,network,1.2944101,103.7744938,33.005,-1.0,-1.0,-1.0
2017-03-29-2-26-47PM,1490768807724,1490768808152,2017-03-29-2-26-48PM,gps,1.29431925,103.77423204,8.0,42.70000076293945,180.8,0.25
2017-03-29-2-26-56PM,1490768816361,1490768814901,2017-03-29-2-26-54PM,network,1.2942285,103.7742675,26.217,-1.0,-1.0,-1.0
2017-03-29-2-27-08PM,1490768828043,1490768829000,2017-03-29-2-27-09PM,gps,1.29433953,103.7741888,11.0,38.0,180.8,0.5
2017-03-29-2-27-17PM,1490768837415,1490768834945,2017-03-29-2-27-14PM,network,1.2944106,103.7744033,30.779,-1.0,-1.0,-1.0
2017-03-29-2-27-37PM,1490768857446,1490768854905,2017-03-29-2-27-34PM,network,1.2944101,103.7744938,33.004,-1.0,-1.0,-1.0
2017-03-29-2-27-57PM,1490768877574,1490768874961,2017-03-29-2-27-54PM,network,1.2944106,103.7744033,27.44,-1.0,-1.0,-1.0
2017-03-29-2-28-07PM,1490768887997,1490768889000,2017-03-29-2-28-09PM,gps,1.29443706,103.77431706,10.0,37.400001525878906,308.9,0.5
2017-03-29-2-28-17PM,1490768897411,1490768894992,2017-03-29-2-28-14PM,network,1.2941185,103.7743128,26.407,-1.0,-1.0,-1.0
2017-03-29-2-28-27PM,1490768907991,1490768909000,2017-03-29-2-28-29PM,gps,1.29432553,103.77431312,11.0,38.400001525878906,-1.0,0.0
2017-03-29-2-28-37PM,1490768917456,1490768914856,2017-03-29-2-28-34PM,network,1.2941917,103.7743128,25.176,-1.0,-1.0,-1.0
2017-03-29-2-28-47PM,1490768927415,1490768927832,2017-03-29-2-28-47PM,gps,1.29432506,103.77431158,7.0,38.599998474121094,-1.0,0.0
2017-03-29-2-28-57PM,1490768937372,1490768937832,2017-03-29-2-28-57PM,gps,1.29432332,103.77430815,6.0,39.0,-1.0,0.0
2017-03-29-2-29-07PM,1490768947417,1490768947832,2017-03-29-2-29-07PM,gps,1.29432254,103.77430277,9.0,40.0,-1.0,0.0
2017-03-29-2-29-17PM,1490768957367,1490768957852,2017-03-29-2-29-17PM,gps,1.29432624,103.77430128,7.0,40.400001525878906,-1.0,0.0
2017-03-29-2-29-27PM,1490768967511,1490768967832,2017-03-29-2-29-27PM,gps,1.29433572,103.77430889,8.0,40.0,-1.0,0.0
2017-03-29-2-29-37PM,1490768977388,1490768977812,2017-03-29-2-29-37PM,gps,1.2943379,103.77430749,8.0,38.79999923706055,-1.0,0.0
2017-03-29-2-29-47PM,1490768987434,1490768987832,2017-03-29-2-29-47PM,gps,1.29434472,103.77430308,7.0,37.70000076293945,-1.0,0.0
2017-03-29-2-29-57PM,1490768997495,1490768994876,2017-03-29-2-29-54PM,network,1.2944101,103.7744938,31.588,-1.0,-1.0,-1.0
2017-03-29-2-30-17PM,1490769017532,1490769017832,2017-03-29-2-30-17PM,gps,1.29438165,103.77431153,5.0,42.599998474121094,-1.0,0.0
2017-03-29-2-30-27PM,1490769027447,1490769027852,2017-03-29-2-30-27PM,gps,1.29439004,103.77431031,5.0,46.29999923706055,-1.0,0.0
2017-03-29-2-30-37PM,1490769037659,1490769037992,2017-03-29-2-30-37PM,gps,1.2943872,103.77430118,4.0,46.900001525878906,-1.0,0.0
2017-03-29-2-30-57PM,1490769057427,1490769057912,2017-03-29-2-30-57PM,gps,1.2943856,103.77429829,4.0,49.900001525878906,-1.0,0.0
2017-03-29-2-31-07PM,1490769067421,1490769067832,2017-03-29-2-31-07PM,gps,1.29438419,103.77429594,5.0,49.0,-1.0,0.0
2017-03-29-2-31-17PM,1490769077753,1490769078152,2017-03-29-2-31-18PM,gps,1.294383,103.77429375,6.0,49.29999923706055,-1.0,0.0
2017-03-29-2-31-37PM,1490769097549,1490769097952,2017-03-29-2-31-37PM,gps,1.29438088,103.77429137,6.0,50.5,-1.0,0.0
2017-03-29-2-31-57PM,1490769117604,1490769117992,2017-03-29-2-31-57PM,gps,1.29438091,103.7742915,8.0,50.29999923706055,-1.0,0.0
2017-03-29-2-32-18PM,1490769138663,1490769135029,2017-03-29-2-32-15PM,network,1.2940822,103.7742675,28.217,-1.0,-1.0,-1.0
2017-03-29-2-32-37PM,1490769157497,1490769157832,2017-03-29-2-32-37PM,gps,1.29432664,103.77433586,5.0,47.900001525878906,308.9,0.5
2017-03-29-2-32-47PM,1490769167457,1490769167932,2017-03-29-2-32-47PM,gps,1.29429445,103.77437199,7.0,47.099998474121094,308.9,0.5
2017-03-29-2-32-58PM,1490769178048,1490769179000,2017-03-29-2-32-59PM,gps,1.29420994,103.77434196,11.0,44.099998474121094,308.9,0.75
2017-03-29-2-33-08PM,1490769188045,1490769189000,2017-03-29-2-33-09PM,gps,1.29418179,103.77431061,10.0,44.5,308.9,0.5
2017-03-29-2-33-19PM,1490769199741,1490769195014,2017-03-29-2-33-15PM,network,1.2940822,103.7742675,28.218,-1.0,-1.0,-1.0
2017-03-29-2-33-27PM,1490769207458,1490769207832,2017-03-29-2-33-27PM,gps,1.29427261,103.77435181,9.0,51.900001525878906,308.9,0.5
2017-03-29-2-33-38PM,1490769218012,1490769219000,2017-03-29-2-33-39PM,gps,1.29432635,103.77437432,14.0,57.0,308.9,0.5
2017-03-29-2-33-48PM,1490769228015,1490769229000,2017-03-29-2-33-49PM,gps,1.29432171,103.77435855,13.0,58.599998474121094,308.9,0.5
2017-03-29-2-33-59PM,1490769239923,1490769234955,2017-03-29-2-33-54PM,network,1.2944101,103.7744938,32.583,-1.0,-1.0,-1.0
2017-03-29-2-34-17PM,1490769257485,1490769257832,2017-03-29-2-34-17PM,gps,1.29433984,103.77440074,7.0,53.599998474121094,-1.0,0.0
2017-03-29-2-34-27PM,1490769267443,1490769267832,2017-03-29-2-34-27PM,gps,1.29433731,103.77439874,6.0,53.900001525878906,-1.0,0.0
2017-03-29-2-34-37PM,1490769277452,1490769277832,2017-03-29-2-34-37PM,gps,1.29433985,103.77439424,6.0,53.599998474121094,-1.0,0.0
2017-03-29-2-34-47PM,1490769287620,1490769287972,2017-03-29-2-34-47PM,gps,1.29434569,103.77439389,6.0,53.29999923706055,-1.0,0.0
2017-03-29-2-34-59PM,1490769299990,1490769295025,2017-03-29-2-34-55PM,network,1.2944101,103.7744938,31.589,-1.0,-1.0,-1.0
2017-03-29-2-35-07PM,1490769307524,1490769307832,2017-03-29-2-35-07PM,gps,1.29434835,103.77439707,5.0,53.79999923706055,-1.0,0.0
2017-03-29-2-35-17PM,1490769317448,1490769317832,2017-03-29-2-35-17PM,gps,1.29433905,103.77439147,4.0,55.099998474121094,-1.0,0.0
2017-03-29-2-35-27PM,1490769327554,1490769327932,2017-03-29-2-35-27PM,gps,1.29434031,103.77439001,4.0,55.29999923706055,-1.0,0.0
2017-03-29-2-35-40PM,1490769340015,1490769335049,2017-03-29-2-35-35PM,network,1.2940822,103.7742675,28.217,-1.0,-1.0,-1.0
2017-03-29-2-35-47PM,1490769347535,1490769347912,2017-03-29-2-35-47PM,gps,1.29434077,103.77438613,7.0,54.79999923706055,-1.0,0.0
2017-03-29-2-35-57PM,1490769357666,1490769357992,2017-03-29-2-35-57PM,gps,1.29433982,103.77438355,5.0,54.599998474121094,-1.0,0.0
2017-03-29-2-36-17PM,1490769377575,1490769377952,2017-03-29-2-36-17PM,gps,1.29433859,103.77438079,6.0,55.29999923706055,-1.0,0.0
2017-03-29-2-36-27PM,1490769387510,1490769387892,2017-03-29-2-36-27PM,gps,1.29433808,103.77437934,8.0,55.0,-1.0,0.0
2017-03-29-2-36-37PM,1490769397650,1490769397952,2017-03-29-2-36-37PM,gps,1.29433901,103.77437792,7.0,55.900001525878906,-1.0,0.0
2017-03-29-2-36-57PM,1490769417736,1490769418112,2017-03-29-2-36-58PM,gps,1.29433493,103.77436948,7.0,56.099998474121094,-1.0,0.0
2017-03-29-2-37-17PM,1490769437456,1490769437832,2017-03-29-2-37-17PM,gps,1.29433331,103.77436664,8.0,58.099998474121094,-1.0,0.0
2017-03-29-2-37-27PM,1490769447814,1490769448172,2017-03-29-2-37-28PM,gps,1.29434813,103.77437569,8.0,59.20000076293945,-1.0,0.0
2017-03-29-2-37-41PM,1490769461069,1490769454988,2017-03-29-2-37-34PM,network,1.294119,103.7742222,29.654,-1.0,-1.0,-1.0
2017-03-29-2-37-47PM,1490769467382,1490769467832,2017-03-29-2-37-47PM,gps,1.29434955,103.77437776,7.0,62.79999923706055,-1.0,0.0
2017-03-29-2-37-57PM,1490769477427,1490769477872,2017-03-29-2-37-57PM,gps,1.29431,103.77439612,6.0,59.29999923706055,308.9,0.5
2017-03-29-2-38-09PM,1490769489107,1490769490000,2017-03-29-2-38-10PM,gps,1.29428403,103.77443865,20.0,56.400001525878906,308.9,0.75
2017-03-29-2-38-21PM,1490769501070,1490769494951,2017-03-29-2-38-14PM,network,1.2944101,103.7744938,33.005,-1.0,-1.0,-1.0
2017-03-29-2-38-27PM,1490769507734,1490769508112,2017-03-29-2-38-28PM,gps,1.29424033,103.77438968,9.0,55.099998474121094,-1.0,0.0
2017-03-29-2-38-41PM,1490769521076,1490769514484,2017-03-29-2-38-34PM,network,1.2944101,103.7744938,30.47,-1.0,-1.0,-1.0
2017-03-29-2-38-47PM,1490769527749,1490769528192,2017-03-29-2-38-48PM,gps,1.29427813,103.77436512,7.0,56.20000076293945,-1.0,0.0
2017-03-29-2-39-01PM,1490769541080,1490769534479,2017-03-29-2-38-54PM,network,1.2944101,103.7744938,32.967,-1.0,-1.0,-1.0
2017-03-29-2-39-07PM,1490769547461,1490769547832,2017-03-29-2-39-07PM,gps,1.29431391,103.77432508,8.0,62.20000076293945,-1.0,0.0
2017-03-29-2-39-17PM,1490769557760,1490769558192,2017-03-29-2-39-18PM,gps,1.29431695,103.77432098,5.0,62.900001525878906,-1.0,0.0
2017-03-29-2-39-37PM,1490769577846,1490769578132,2017-03-29-2-39-38PM,gps,1.29432099,103.77431573,4.0,63.400001525878906,-1.0,0.0
2017-03-29-2-39-57PM,1490769597714,1490769598012,2017-03-29-2-39-58PM,gps,1.29432831,103.77432102,4.0,63.79999923706055,308.9,0.5
2017-03-29-2-40-08PM,1490769608096,1490769609000,2017-03-29-2-40-09PM,gps,1.29427917,103.77430506,10.0,65.5,308.9,0.5
2017-03-29-2-40-22PM,1490769622321,1490769614592,2017-03-29-2-40-14PM,network,1.2940454,103.7743128,30.17,-1.0,-1.0,-1.0
2017-03-29-2-40-28PM,1490769628125,1490769629000,2017-03-29-2-40-29PM,gps,1.29455755,103.77446644,11.0,59.29999923706055,27.8,1.25
2017-03-29-2-40-38PM,1490769638119,1490769639000,2017-03-29-2-40-39PM,gps,1.29447759,103.77441985,9.0,59.099998474121094,-1.0,0.0
2017-03-29-2-40-57PM,1490769657502,1490769657852,2017-03-29-2-40-57PM,gps,1.29445613,103.77439037,8.0,57.79999923706055,-1.0,0.0
2017-03-29-2-41-08PM,1490769668047,1490769669000,2017-03-29-2-41-09PM,gps,1.29443887,103.77435973,12.0,58.400001525878906,-1.0,0.0
2017-03-29-2-41-22PM,1490769682198,1490769674672,2017-03-29-2-41-14PM,network,1.2944101,103.7744938,34.831,-1.0,-1.0,-1.0
2017-03-29-2-41-28PM,1490769688047,1490769689000,2017-03-29-2-41-29PM,gps,1.29441106,103.77432796,11.0,60.0,-1.0,0.0
2017-03-29-2-41-38PM,1490769698053,1490769699000,2017-03-29-2-41-39PM,gps,1.29440871,103.77432462,14.0,59.70000076293945,-1.0,0.0
2017-03-29-2-41-49PM,1490769709056,1490769710000,2017-03-29-2-41-50PM,gps,1.29441302,103.77432764,16.0,60.0,-1.0,0.0
2017-03-29-2-42-02PM,1490769722246,1490769714694,2017-03-29-2-41-54PM,network,1.2941185,103.7743128,29.524,-1.0,-1.0,-1.0
2017-03-29-2-42-07PM,1490769727508,1490769727832,2017-03-29-2-42-07PM,gps,1.29440953,103.77432646,8.0,59.70000076293945,-1.0,0.0
2017-03-29-2-42-17PM,1490769737734,1490769738092,2017-03-29-2-42-18PM,gps,1.29440867,103.77432594,7.0,59.70000076293945,-1.0,0.0
2017-03-29-2-42-23PM,1490769743291,1490769734675,2017-03-29-2-42-14PM,network,1.2944106,103.7744033,27.264,-1.0,-1.0,-1.0
2017-03-29-2-42-31PM,1490769751113,1490769752000,2017-03-29-2-42-32PM,gps,1.29440224,103.77432167,30.0,59.5,-1.0,0.0
2017-03-29-2-42-43PM,1490769763297,1490769754736,2017-03-29-2-42-34PM,network,1.2944101,103.7744938,31.59,-1.0,-1.0,-1.0
2017-03-29-2-43-03PM,1490769783287,1490769774813,2017-03-29-2-42-54PM,network,1.2944101,103.7744938,34.831,-1.0,-1.0,-1.0
2017-03-29-2-43-17PM,1490769797692,1490769798092,2017-03-29-2-43-18PM,gps,1.29438756,103.77430223,4.0,61.70000076293945,-1.0,0.0
2017-03-29-2-43-23PM,1490769803307,1490769794761,2017-03-29-2-43-14PM,network,1.2941185,103.7743128,27.741,-1.0,-1.0,-1.0
2017-03-29-2-43-37PM,1490769817666,1490769818012,2017-03-29-2-43-38PM,gps,1.29442097,103.77430072,5.0,64.30000305175781,-1.0,0.0
2017-03-29-2-43-43PM,1490769823487,1490769814852,2017-03-29-2-43-34PM,network,1.2944106,103.7744033,26.566,-1.0,-1.0,-1.0
