2017-03-29-12-22-58PM,1490761378441,5.000305,3
2017-03-29-12-23-03PM,1490761383318,0.0,3
2017-03-29-12-23-03PM,1490761383924,5.000305,3
2017-03-29-12-23-04PM,1490761384206,0.0,3
2017-03-29-12-23-04PM,1490761384941,5.000305,3
2017-03-29-12-23-06PM,1490761386122,0.0,3
2017-03-29-12-23-06PM,1490761386548,5.000305,3
2017-03-29-12-23-06PM,1490761386786,0.0,3
2017-03-29-12-23-17PM,1490761397656,5.000305,3
2017-03-29-12-23-17PM,1490761397930,0.0,3
2017-03-29-12-23-30PM,1490761410287,5.000305,3
2017-03-29-12-25-15PM,1490761515309,0.0,3
2017-03-29-12-25-16PM,1490761516155,5.000305,3
2017-03-29-12-31-37PM,1490761897985,0.0,3
2017-03-29-12-31-38PM,1490761898590,5.000305,3
2017-03-29-12-31-48PM,1490761908662,0.0,3
2017-03-29-12-32-00PM,1490761920735,5.000305,3
2017-03-29-12-35-51PM,1490762151992,0.0,3
2017-03-29-12-35-52PM,1490762152217,5.000305,3
2017-03-29-12-36-01PM,1490762161636,0.0,3
2017-03-29-12-36-01PM,1490762161857,5.000305,3
2017-03-29-12-36-04PM,1490762164676,0.0,3
2017-03-29-12-36-04PM,1490762164877,5.000305,3
2017-03-29-12-36-37PM,1490762197335,0.0,3
2017-03-29-12-36-39PM,1490762199551,5.000305,3
2017-03-29-12-36-44PM,1490762204748,0.0,3
2017-03-29-12-36-44PM,1490762204958,5.000305,3
2017-03-29-12-36-50PM,1490762210010,0.0,3
2017-03-29-12-36-50PM,1490762210182,5.000305,3
2017-03-29-12-38-14PM,1490762294789,0.0,3
2017-03-29-12-38-15PM,1490762295004,5.000305,3
2017-03-29-12-38-19PM,1490762299840,0.0,3
2017-03-29-12-38-20PM,1490762300248,5.000305,3
2017-03-29-12-38-22PM,1490762302862,0.0,3
2017-03-29-12-38-23PM,1490762303043,5.000305,3
2017-03-29-12-38-27PM,1490762307298,0.0,3
2017-03-29-12-38-27PM,1490762307480,5.000305,3
2017-03-29-12-38-28PM,1490762308700,0.0,3
2017-03-29-12-38-29PM,1490762309319,5.000305,3
2017-03-29-12-38-30PM,1490762310511,0.0,3
2017-03-29-12-38-31PM,1490762311303,5.000305,3
2017-03-29-12-38-35PM,1490762315336,0.0,3
2017-03-29-12-38-35PM,1490762315943,5.000305,3
2017-03-29-12-38-37PM,1490762317554,0.0,3
2017-03-29-12-38-37PM,1490762317784,5.000305,3
2017-03-29-12-38-39PM,1490762319972,0.0,3
2017-03-29-12-38-40PM,1490762320392,5.000305,3
2017-03-29-12-38-48PM,1490762328874,0.0,3
2017-03-29-12-38-49PM,1490762329037,5.000305,3
2017-03-29-12-38-51PM,1490762331651,0.0,3
2017-03-29-12-38-51PM,1490762331874,5.000305,3
2017-03-29-12-38-52PM,1490762332476,0.0,3
2017-03-29-12-38-52PM,1490762332885,5.000305,3
2017-03-29-12-38-55PM,1490762335277,0.0,3
2017-03-29-12-38-56PM,1490762336205,5.000305,3
2017-03-29-12-38-58PM,1490762338702,0.0,3
2017-03-29-12-38-58PM,1490762338918,5.000305,3
2017-03-29-12-39-02PM,1490762342329,0.0,3
2017-03-29-12-39-02PM,1490762342524,5.000305,3
2017-03-29-12-39-06PM,1490762346799,0.0,3
2017-03-29-12-39-07PM,1490762347358,5.000305,3
2017-03-29-12-39-17PM,1490762357451,0.0,3
2017-03-29-12-39-17PM,1490762357838,5.000305,3
2017-03-29-12-39-18PM,1490762358452,0.0,3
2017-03-29-12-39-19PM,1490762359050,5.000305,3
2017-03-29-12-39-19PM,1490762359651,0.0,3
2017-03-29-12-39-20PM,1490762360073,5.000305,3
2017-03-29-12-39-20PM,1490762360672,0.0,3
2017-03-29-12-39-21PM,1490762361294,5.000305,3
2017-03-29-12-39-21PM,1490762361894,0.0,3
2017-03-29-12-39-22PM,1490762362298,5.000305,3
2017-03-29-12-39-22PM,1490762362873,0.0,3
2017-03-29-12-39-23PM,1490762363481,5.000305,3
2017-03-29-12-39-23PM,1490762363881,0.0,3
2017-03-29-12-39-24PM,1490762364487,5.000305,3
2017-03-29-12-39-25PM,1490762365089,0.0,3
2017-03-29-12-39-25PM,1490762365708,5.000305,3
2017-03-29-12-39-26PM,1490762366312,0.0,3
2017-03-29-12-39-26PM,1490762366722,5.000305,3
2017-03-29-12-39-27PM,1490762367312,0.0,3
2017-03-29-12-39-27PM,1490762367909,5.000305,3
2017-03-29-12-39-28PM,1490762368540,0.0,3
2017-03-29-12-39-29PM,1490762369118,5.000305,3
2017-03-29-12-39-29PM,1490762369540,0.0,3
2017-03-29-12-39-30PM,1490762370145,5.000305,3
2017-03-29-12-39-30PM,1490762370766,0.0,3
2017-03-29-12-39-31PM,1490762371354,5.000305,3
2017-03-29-12-39-31PM,1490762371737,0.0,3
2017-03-29-12-39-32PM,1490762372586,5.000305,3
2017-03-29-12-39-32PM,1490762372946,0.0,3
2017-03-29-12-39-33PM,1490762373570,5.000305,3
2017-03-29-12-39-34PM,1490762374208,0.0,3
2017-03-29-12-39-34PM,1490762374973,5.000305,3
2017-03-29-12-39-35PM,1490762375384,0.0,3
2017-03-29-12-39-36PM,1490762376182,5.000305,3
2017-03-29-12-39-36PM,1490762376580,0.0,3
2017-03-29-12-39-37PM,1490762377179,5.000305,3
2017-03-29-12-39-37PM,1490762377578,0.0,3
2017-03-29-12-39-38PM,1490762378183,5.000305,3
2017-03-29-12-41-24PM,1490762484566,0.0,3
2017-03-29-12-41-24PM,1490762484970,5.000305,3
2017-03-29-12-41-25PM,1490762485623,0.0,3
2017-03-29-12-41-25PM,1490762485999,5.000305,3
2017-03-29-12-41-26PM,1490762486575,0.0,3
2017-03-29-12-41-27PM,1490762487263,5.000305,3
2017-03-29-12-41-27PM,1490762487865,0.0,3
2017-03-29-12-41-28PM,1490762488230,5.000305,3
2017-03-29-12-41-28PM,1490762488791,0.0,3
2017-03-29-12-41-29PM,1490762489396,5.000305,3
2017-03-29-12-41-29PM,1490762489798,0.0,3
2017-03-29-12-41-30PM,1490762490403,5.000305,3
2017-03-29-12-41-31PM,1490762491096,0.0,3
2017-03-29-12-41-31PM,1490762491803,5.000305,3
2017-03-29-12-41-33PM,1490762493243,0.0,3
2017-03-29-12-41-33PM,1490762493442,5.000305,3
2017-03-29-12-41-33PM,1490762493669,0.0,3
2017-03-29-12-41-33PM,1490762493831,5.000305,3
2017-03-29-12-41-35PM,1490762495633,0.0,3
2017-03-29-12-41-36PM,1490762496044,5.000305,3
2017-03-29-12-41-37PM,1490762497694,0.0,3
2017-03-29-12-41-38PM,1490762498480,5.000305,3
2017-03-29-12-41-50PM,1490762510724,0.0,3
2017-03-29-12-41-51PM,1490762511332,5.000305,3
2017-03-29-12-41-52PM,1490762512938,0.0,3
2017-03-29-12-41-54PM,1490762514831,5.000305,3
2017-03-29-12-41-55PM,1490762515244,0.0,3
2017-03-29-12-41-56PM,1490762516028,5.000305,3
2017-03-29-12-41-56PM,1490762516468,0.0,3
2017-03-29-12-41-57PM,1490762517193,5.000305,3
2017-03-29-12-41-57PM,1490762517597,0.0,3
2017-03-29-12-41-57PM,1490762517883,5.000305,3
2017-03-29-12-41-58PM,1490762518023,0.0,3
2017-03-29-12-41-58PM,1490762518202,5.000305,3
2017-03-29-12-41-58PM,1490762518597,0.0,3
2017-03-29-12-41-59PM,1490762519634,5.000305,3
2017-03-29-12-41-59PM,1490762519823,0.0,3
2017-03-29-12-42-00PM,1490762520637,5.000305,3
2017-03-29-12-42-01PM,1490762521004,0.0,3
2017-03-29-12-42-01PM,1490762521624,5.000305,3
2017-03-29-12-42-02PM,1490762522028,0.0,3
2017-03-29-12-42-03PM,1490762523155,5.000305,3
2017-03-29-12-42-03PM,1490762523380,0.0,3
2017-03-29-12-42-03PM,1490762523846,5.000305,3
2017-03-29-12-42-04PM,1490762524446,0.0,3
2017-03-29-12-42-05PM,1490762525104,5.000305,3
2017-03-29-12-42-05PM,1490762525805,0.0,3
2017-03-29-12-42-06PM,1490762526279,5.000305,3
2017-03-29-12-42-06PM,1490762526701,0.0,3
2017-03-29-12-42-07PM,1490762527266,5.000305,3
2017-03-29-12-42-07PM,1490762527869,0.0,3
2017-03-29-12-42-08PM,1490762528658,5.000305,3
2017-03-29-12-42-09PM,1490762529785,0.0,3
2017-03-29-12-42-10PM,1490762530876,5.000305,3
2017-03-29-12-42-11PM,1490762531291,0.0,3
2017-03-29-12-42-12PM,1490762532100,5.000305,3
2017-03-29-12-42-12PM,1490762532528,0.0,3
2017-03-29-12-42-13PM,1490762533211,5.000305,3
2017-03-29-12-42-13PM,1490762533510,0.0,3
2017-03-29-12-42-14PM,1490762534334,5.000305,3
2017-03-29-12-42-14PM,1490762534769,0.0,3
2017-03-29-12-42-15PM,1490762535422,5.000305,3
2017-03-29-12-42-15PM,1490762535947,0.0,3
2017-03-29-12-42-16PM,1490762536514,5.000305,3
2017-03-29-12-42-17PM,1490762537158,0.0,3
2017-03-29-12-42-17PM,1490762537758,5.000305,3
2017-03-29-12-42-19PM,1490762539556,0.0,3
2017-03-29-12-42-19PM,1490762539809,5.000305,3
2017-03-29-12-42-21PM,1490762541971,0.0,3
2017-03-29-12-42-22PM,1490762542575,5.000305,3
2017-03-29-12-42-23PM,1490762543211,0.0,3
2017-03-29-12-42-23PM,1490762543984,5.000305,3
2017-03-29-12-42-24PM,1490762544411,0.0,3
2017-03-29-12-42-25PM,1490762545014,5.000305,3
2017-03-29-12-42-25PM,1490762545650,0.0,3
2017-03-29-12-42-26PM,1490762546319,5.000305,3
2017-03-29-12-42-26PM,1490762546808,0.0,3
2017-03-29-12-42-27PM,1490762547243,5.000305,3
2017-03-29-12-42-27PM,1490762547834,0.0,3
2017-03-29-12-42-28PM,1490762548472,5.000305,3
2017-03-29-12-42-29PM,1490762549044,0.0,3
2017-03-29-12-42-29PM,1490762549827,5.000305,3
2017-03-29-12-42-30PM,1490762550318,0.0,3
2017-03-29-12-42-31PM,1490762551024,5.000305,3
2017-03-29-12-42-31PM,1490762551412,0.0,3
2017-03-29-12-42-32PM,1490762552041,5.000305,3
2017-03-29-12-42-32PM,1490762552646,0.0,3
2017-03-29-12-42-33PM,1490762553434,5.000305,3
2017-03-29-12-42-35PM,1490762555166,0.0,3
2017-03-29-12-42-35PM,1490762555876,5.000305,3
2017-03-29-12-42-36PM,1490762556272,0.0,3
2017-03-29-12-42-36PM,1490762556876,5.000305,3
2017-03-29-12-42-37PM,1490762557924,0.0,3
2017-03-29-12-42-38PM,1490762558084,5.000305,3
2017-03-29-12-42-38PM,1490762558704,0.0,3
2017-03-29-12-42-38PM,1490762558884,5.000305,3
2017-03-29-12-42-39PM,1490762559174,0.0,3
2017-03-29-12-42-39PM,1490762559296,5.000305,3
2017-03-29-12-42-39PM,1490762559719,0.0,3
2017-03-29-12-42-40PM,1490762560323,5.000305,3
2017-03-29-12-42-40PM,1490762560894,0.0,3
2017-03-29-12-42-41PM,1490762561081,5.000305,3
2017-03-29-12-42-41PM,1490762561295,0.0,3
2017-03-29-12-42-41PM,1490762561538,5.000305,3
2017-03-29-12-42-41PM,1490762561913,0.0,3
2017-03-29-12-42-42PM,1490762562315,5.000305,3
2017-03-29-12-42-42PM,1490762562516,0.0,3
2017-03-29-12-42-42PM,1490762562743,5.000305,3
2017-03-29-12-42-43PM,1490762563122,0.0,3
2017-03-29-12-42-43PM,1490762563949,5.000305,3
2017-03-29-12-42-44PM,1490762564732,0.0,3
2017-03-29-12-42-44PM,1490762564933,5.000305,3
2017-03-29-12-42-45PM,1490762565543,0.0,3
2017-03-29-12-42-46PM,1490762566142,5.000305,3
2017-03-29-12-42-46PM,1490762566545,0.0,3
2017-03-29-12-42-47PM,1490762567152,5.000305,3
2017-03-29-12-42-48PM,1490762568179,0.0,3
2017-03-29-12-42-48PM,1490762568360,5.000305,3
2017-03-29-12-42-48PM,1490762568808,0.0,3
2017-03-29-12-42-49PM,1490762569587,5.000305,3
2017-03-29-12-42-50PM,1490762570024,0.0,3
2017-03-29-12-42-50PM,1490762570573,5.000305,3
2017-03-29-12-42-51PM,1490762571152,0.0,3
2017-03-29-12-42-51PM,1490762571783,5.000305,3
2017-03-29-12-42-52PM,1490762572209,0.0,3
2017-03-29-12-42-52PM,1490762572792,5.000305,3
2017-03-29-12-42-53PM,1490762573395,0.0,3
2017-03-29-12-42-54PM,1490762574095,5.000305,3
2017-03-29-12-42-54PM,1490762574844,0.0,3
2017-03-29-12-42-55PM,1490762575247,5.000305,3
2017-03-29-12-42-55PM,1490762575609,0.0,3
2017-03-29-12-42-56PM,1490762576488,5.000305,3
2017-03-29-12-42-56PM,1490762576826,0.0,3
2017-03-29-12-42-57PM,1490762577415,5.000305,3
2017-03-29-12-42-57PM,1490762577825,0.0,3
2017-03-29-12-42-59PM,1490762579839,5.000305,3
2017-03-29-12-43-00PM,1490762580244,0.0,3
2017-03-29-12-43-01PM,1490762581044,5.000305,3
2017-03-29-12-43-01PM,1490762581468,0.0,3
2017-03-29-12-43-02PM,1490762582256,5.000305,3
2017-03-29-12-43-02PM,1490762582660,0.0,3
2017-03-29-12-43-03PM,1490762583265,5.000305,3
2017-03-29-12-43-03PM,1490762583868,0.0,3
2017-03-29-12-43-04PM,1490762584473,5.000305,3
2017-03-29-12-43-05PM,1490762585100,0.0,3
2017-03-29-12-43-05PM,1490762585682,5.000305,3
2017-03-29-12-43-06PM,1490762586206,0.0,3
2017-03-29-12-43-06PM,1490762586711,5.000305,3
2017-03-29-12-43-07PM,1490762587695,0.0,3
2017-03-29-12-43-07PM,1490762587924,5.000305,3
2017-03-29-12-43-08PM,1490762588567,0.0,3
2017-03-29-12-43-09PM,1490762589362,5.000305,3
2017-03-29-12-43-09PM,1490762589795,0.0,3
2017-03-29-12-43-10PM,1490762590696,5.000305,3
2017-03-29-12-43-10PM,1490762590699,0.0,3
2017-03-29-12-43-11PM,1490762591570,5.000305,3
2017-03-29-12-43-11PM,1490762591925,0.0,3
2017-03-29-12-43-12PM,1490762592169,5.000305,3
2017-03-29-12-43-36PM,1490762616923,0.0,3
2017-03-29-12-43-37PM,1490762617229,5.000305,3
2017-03-29-12-43-38PM,1490762618919,0.0,3
2017-03-29-12-43-39PM,1490762619524,5.000305,3
2017-03-29-12-43-40PM,1490762620131,0.0,3
2017-03-29-12-43-40PM,1490762620706,5.000305,3
2017-03-29-12-43-41PM,1490762621310,0.0,3
2017-03-29-12-43-42PM,1490762622118,5.000305,3
2017-03-29-12-43-42PM,1490762622317,0.0,3
2017-03-29-12-43-42PM,1490762622946,5.000305,3
2017-03-29-12-43-43PM,1490762623550,0.0,3
2017-03-29-12-43-44PM,1490762624380,5.000305,3
2017-03-29-12-43-44PM,1490762624782,0.0,3
2017-03-29-12-43-45PM,1490762625443,5.000305,3
2017-03-29-12-43-45PM,1490762625991,0.0,3
2017-03-29-12-43-47PM,1490762627286,5.000305,3
2017-03-29-12-43-47PM,1490762627483,0.0,3
2017-03-29-12-43-47PM,1490762627835,5.000305,3
2017-03-29-12-43-50PM,1490762630077,0.0,3
2017-03-29-12-43-50PM,1490762630221,5.000305,3
2017-03-29-12-43-50PM,1490762630978,0.0,3
2017-03-29-12-43-51PM,1490762631601,5.000305,3
2017-03-29-12-43-52PM,1490762632454,0.0,3
2017-03-29-12-43-56PM,1490762636685,5.000305,3
2017-03-29-12-43-57PM,1490762637376,0.0,3
2017-03-29-12-43-57PM,1490762637852,5.000305,3
2017-03-29-12-43-59PM,1490762639668,0.0,3
2017-03-29-12-44-00PM,1490762640253,5.000305,3
2017-03-29-12-44-00PM,1490762640848,0.0,3
2017-03-29-12-44-01PM,1490762641472,5.000305,3
2017-03-29-12-44-02PM,1490762642060,0.0,3
2017-03-29-12-44-02PM,1490762642670,5.000305,3
2017-03-29-12-44-03PM,1490762643089,0.0,3
2017-03-29-12-44-03PM,1490762643291,5.000305,3
2017-03-29-12-44-05PM,1490762645548,0.0,3
2017-03-29-12-44-06PM,1490762646134,5.000305,3
2017-03-29-12-44-06PM,1490762646717,0.0,3
2017-03-29-12-44-07PM,1490762647375,5.000305,3
2017-03-29-12-44-07PM,1490762647956,0.0,3
2017-03-29-12-44-08PM,1490762648528,5.000305,3
2017-03-29-12-44-09PM,1490762649489,0.0,3
2017-03-29-12-44-10PM,1490762650789,5.000305,3
2017-03-29-12-44-10PM,1490762650793,0.0,3
2017-03-29-12-44-10PM,1490762650922,5.000305,3
2017-03-29-12-44-11PM,1490762651352,0.0,3
2017-03-29-12-44-11PM,1490762651937,5.000305,3
2017-03-29-12-44-12PM,1490762652361,0.0,3
2017-03-29-12-44-13PM,1490762653243,5.000305,3
2017-03-29-12-44-13PM,1490762653569,0.0,3
2017-03-29-12-44-14PM,1490762654169,5.000305,3
2017-03-29-12-44-14PM,1490762654776,0.0,3
2017-03-29-12-44-15PM,1490762655463,5.000305,3
2017-03-29-12-44-16PM,1490762656147,0.0,3
2017-03-29-12-44-16PM,1490762656588,5.000305,3
2017-03-29-12-44-17PM,1490762657193,0.0,3
2017-03-29-12-44-17PM,1490762657998,5.000305,3
2017-03-29-12-44-18PM,1490762658442,0.0,3
2017-03-29-12-44-20PM,1490762660542,5.000305,3
2017-03-29-12-44-20PM,1490762660992,0.0,3
2017-03-29-12-44-23PM,1490762663233,5.000305,3
2017-03-29-12-44-23PM,1490762663691,0.0,3
2017-03-29-12-44-24PM,1490762664342,5.000305,3
2017-03-29-12-44-24PM,1490762664888,0.0,3
2017-03-29-12-44-25PM,1490762665551,5.000305,3
2017-03-29-12-44-26PM,1490762666157,0.0,3
2017-03-29-12-44-27PM,1490762667151,5.000305,3
2017-03-29-12-44-27PM,1490762667665,0.0,3
2017-03-29-12-44-27PM,1490762667908,5.000305,3
2017-03-29-12-44-28PM,1490762668530,0.0,3
2017-03-29-12-44-29PM,1490762669098,5.000305,3
2017-03-29-12-44-30PM,1490762670024,0.0,3
2017-03-29-12-44-30PM,1490762670868,5.000305,3
2017-03-29-12-44-31PM,1490762671499,0.0,3
2017-03-29-12-44-32PM,1490762672076,5.000305,3
2017-03-29-12-44-32PM,1490762672724,0.0,3
2017-03-29-12-44-33PM,1490762673506,5.000305,3
2017-03-29-12-44-34PM,1490762674113,0.0,3
2017-03-29-12-44-34PM,1490762674820,5.000305,3
2017-03-29-12-44-35PM,1490762675327,0.0,3
2017-03-29-12-44-36PM,1490762676078,5.000305,3
2017-03-29-12-44-36PM,1490762676533,0.0,3
2017-03-29-12-44-37PM,1490762677470,5.000305,3
2017-03-29-12-44-37PM,1490762677738,0.0,3
2017-03-29-12-44-38PM,1490762678642,5.000305,3
2017-03-29-12-44-38PM,1490762678743,0.0,3
2017-03-29-12-44-39PM,1490762679353,5.000305,3
2017-03-29-12-44-40PM,1490762680446,0.0,3
2017-03-29-12-44-40PM,1490762680566,5.000305,3
2017-03-29-12-44-41PM,1490762681136,0.0,3
2017-03-29-12-44-41PM,1490762681340,5.000305,3
2017-03-29-12-44-41PM,1490762681585,0.0,3
2017-03-29-12-44-41PM,1490762681750,5.000305,3
2017-03-29-12-44-42PM,1490762682796,0.0,3
2017-03-29-12-44-42PM,1490762682992,5.000305,3
2017-03-29-12-44-43PM,1490762683439,0.0,3
2017-03-29-12-44-44PM,1490762684025,5.000305,3
2017-03-29-12-44-44PM,1490762684631,0.0,3
2017-03-29-12-44-45PM,1490762685292,5.000305,3
2017-03-29-12-44-45PM,1490762685818,0.0,3
2017-03-29-12-44-46PM,1490762686446,5.000305,3
2017-03-29-12-44-46PM,1490762686801,0.0,3
2017-03-29-12-44-47PM,1490762687029,5.000305,3
2017-03-29-12-44-47PM,1490762687224,0.0,3
2017-03-29-12-44-47PM,1490762687410,5.000305,3
2017-03-29-12-44-48PM,1490762688010,0.0,3
2017-03-29-12-44-48PM,1490762688241,5.000305,3
2017-03-29-12-44-48PM,1490762688567,0.0,3
2017-03-29-12-44-48PM,1490762688607,5.000305,3
2017-03-29-12-44-49PM,1490762689016,0.0,3
2017-03-29-12-44-49PM,1490762689614,5.000305,3
2017-03-29-12-44-50PM,1490762690235,0.0,3
2017-03-29-12-44-51PM,1490762691022,5.000305,3
2017-03-29-12-44-52PM,1490762692441,0.0,3
2017-03-29-12-44-52PM,1490762692676,5.000305,3
2017-03-29-12-44-53PM,1490762693652,0.0,3
2017-03-29-12-44-54PM,1490762694297,5.000305,3
2017-03-29-12-44-55PM,1490762695302,0.0,3
2017-03-29-12-44-55PM,1490762695486,5.000305,3
2017-03-29-12-44-55PM,1490762695921,0.0,3
2017-03-29-12-44-56PM,1490762696665,5.000305,3
2017-03-29-12-44-57PM,1490762697075,0.0,3
2017-03-29-12-44-57PM,1490762697920,5.000305,3
2017-03-29-12-44-58PM,1490762698282,0.0,3
2017-03-29-12-44-58PM,1490762698871,5.000305,3
2017-03-29-12-44-59PM,1490762699935,0.0,3
2017-03-29-12-45-00PM,1490762700121,5.000305,3
2017-03-29-12-45-00PM,1490762700723,0.0,3
2017-03-29-12-45-01PM,1490762701279,5.000305,3
2017-03-29-12-45-01PM,1490762701708,0.0,3
2017-03-29-12-45-01PM,1490762701907,5.000305,3
2017-03-29-12-45-03PM,1490762703340,0.0,3
2017-03-29-12-45-03PM,1490762703520,5.000305,3
2017-03-29-12-45-06PM,1490762706219,0.0,3
2017-03-29-12-45-07PM,1490762707005,5.000305,3
2017-03-29-12-45-07PM,1490762707637,0.0,3
2017-03-29-12-45-08PM,1490762708235,5.000305,3
2017-03-29-12-45-08PM,1490762708781,0.0,3
2017-03-29-12-45-10PM,1490762710773,5.000305,3
2017-03-29-12-45-10PM,1490762710787,0.0,3
2017-03-29-12-45-12PM,1490762712584,5.000305,3
2017-03-29-12-45-12PM,1490762712779,0.0,3
2017-03-29-12-45-14PM,1490762714418,5.000305,3
2017-03-29-12-45-14PM,1490762714615,0.0,3
2017-03-29-12-45-17PM,1490762717322,5.000305,3
2017-03-29-12-45-17PM,1490762717624,0.0,3
2017-03-29-12-45-18PM,1490762718627,5.000305,3
2017-03-29-12-45-19PM,1490762719054,0.0,3
2017-03-29-12-45-21PM,1490762721878,5.000305,3
2017-03-29-12-45-22PM,1490762722032,0.0,3
2017-03-29-12-45-23PM,1490762723082,5.000305,3
2017-03-29-12-45-23PM,1490762723456,0.0,3
2017-03-29-12-45-24PM,1490762724355,5.000305,3
2017-03-29-12-45-24PM,1490762724664,0.0,3
2017-03-29-12-45-25PM,1490762725500,5.000305,3
2017-03-29-12-45-25PM,1490762725874,0.0,3
2017-03-29-12-45-26PM,1490762726893,5.000305,3
2017-03-29-12-45-27PM,1490762727088,0.0,3
2017-03-29-12-45-27PM,1490762727917,5.000305,3
2017-03-29-12-45-28PM,1490762728280,0.0,3
2017-03-29-12-45-29PM,1490762729133,5.000305,3
2017-03-29-12-45-29PM,1490762729506,0.0,3
2017-03-29-12-45-30PM,1490762730356,5.000305,3
2017-03-29-12-45-30PM,1490762730898,0.0,3
2017-03-29-12-45-31PM,1490762731543,5.000305,3
2017-03-29-12-45-32PM,1490762732098,0.0,3
2017-03-29-12-45-34PM,1490762734341,5.000305,3
2017-03-29-12-45-34PM,1490762734744,0.0,3
2017-03-29-12-45-35PM,1490762735186,5.000305,3
2017-03-29-12-45-35PM,1490762735773,0.0,3
2017-03-29-12-45-36PM,1490762736364,5.000305,3
2017-03-29-12-45-36PM,1490762736764,0.0,3
2017-03-29-12-45-37PM,1490762737852,5.000305,3
2017-03-29-12-45-38PM,1490762738368,0.0,3
2017-03-29-12-45-38PM,1490762738553,5.000305,3
2017-03-29-12-45-38PM,1490762738966,0.0,3
2017-03-29-12-45-39PM,1490762739679,5.000305,3
2017-03-29-12-45-40PM,1490762740164,0.0,3
2017-03-29-12-45-40PM,1490762740470,5.000305,3
2017-03-29-12-45-40PM,1490762740599,0.0,3
2017-03-29-12-45-40PM,1490762740768,5.000305,3
2017-03-29-12-45-42PM,1490762742602,0.0,3
2017-03-29-12-45-43PM,1490762743030,5.000305,3
2017-03-29-12-45-43PM,1490762743600,0.0,3
2017-03-29-12-45-44PM,1490762744405,5.000305,3
2017-03-29-12-45-48PM,1490762748238,0.0,3
2017-03-29-12-45-49PM,1490762749044,5.000305,3
2017-03-29-12-45-49PM,1490762749507,0.0,3
2017-03-29-12-45-50PM,1490762750114,5.000305,3
2017-03-29-12-45-50PM,1490762750868,0.0,3
2017-03-29-12-45-51PM,1490762751242,5.000305,3
2017-03-29-12-45-51PM,1490762751863,0.0,3
2017-03-29-12-45-52PM,1490762752450,5.000305,3
2017-03-29-12-45-52PM,1490762752898,0.0,3
2017-03-29-12-45-53PM,1490762753679,5.000305,3
2017-03-29-12-45-54PM,1490762754125,0.0,3
2017-03-29-12-45-54PM,1490762754886,5.000305,3
2017-03-29-12-45-55PM,1490762755294,0.0,3
2017-03-29-12-45-55PM,1490762755912,5.000305,3
2017-03-29-12-45-56PM,1490762756497,0.0,3
2017-03-29-12-45-57PM,1490762757138,5.000305,3
2017-03-29-12-45-58PM,1490762758134,0.0,3
2017-03-29-12-45-58PM,1490762758310,5.000305,3
2017-03-29-12-45-58PM,1490762758737,0.0,3
2017-03-29-12-45-59PM,1490762759373,5.000305,3
2017-03-29-12-45-59PM,1490762759977,0.0,3
2017-03-29-12-46-00PM,1490762760728,5.000305,3
2017-03-29-12-46-00PM,1490762760903,0.0,3
2017-03-29-12-46-01PM,1490762761734,5.000305,3
2017-03-29-12-46-02PM,1490762762117,0.0,3
2017-03-29-12-46-02PM,1490762762774,5.000305,3
2017-03-29-12-46-03PM,1490762763471,0.0,3
2017-03-29-12-46-03PM,1490762763708,5.000305,3
2017-03-29-12-46-03PM,1490762763954,0.0,3
2017-03-29-12-46-04PM,1490762764153,5.000305,3
2017-03-29-12-46-04PM,1490762764382,0.0,3
2017-03-29-12-46-04PM,1490762764959,5.000305,3
2017-03-29-12-46-05PM,1490762765602,0.0,3
2017-03-29-12-46-06PM,1490762766222,5.000305,3
2017-03-29-12-46-06PM,1490762766787,0.0,3
2017-03-29-12-46-07PM,1490762767093,5.000305,3
2017-03-29-12-46-07PM,1490762767175,0.0,3
2017-03-29-12-46-08PM,1490762768617,5.000305,3
2017-03-29-12-46-09PM,1490762769753,0.0,3
2017-03-29-12-46-10PM,1490762770852,5.000305,3
2017-03-29-12-46-10PM,1490762770854,0.0,3
2017-03-29-12-46-10PM,1490762770857,5.000305,3
2017-03-29-12-46-11PM,1490762771412,0.0,3
2017-03-29-12-46-12PM,1490762772188,5.000305,3
2017-03-29-12-46-12PM,1490762772612,0.0,3
2017-03-29-12-46-13PM,1490762773458,5.000305,3
2017-03-29-12-46-13PM,1490762773841,0.0,3
2017-03-29-12-46-14PM,1490762774408,5.000305,3
2017-03-29-12-46-15PM,1490762775023,0.0,3
2017-03-29-12-46-15PM,1490762775656,5.000305,3
2017-03-29-12-46-16PM,1490762776240,0.0,3
2017-03-29-12-46-16PM,1490762776881,5.000305,3
2017-03-29-12-46-17PM,1490762777626,0.0,3
2017-03-29-12-46-18PM,1490762778278,5.000305,3
2017-03-29-12-46-18PM,1490762778696,0.0,3
2017-03-29-12-46-19PM,1490762779336,5.000305,3
2017-03-29-12-46-19PM,1490762779765,0.0,3
2017-03-29-12-46-20PM,1490762780367,5.000305,3
2017-03-29-12-46-20PM,1490762780845,0.0,3
2017-03-29-12-46-21PM,1490762781476,5.000305,3
2017-03-29-12-46-22PM,1490762782059,0.0,3
2017-03-29-12-46-22PM,1490762782683,5.000305,3
2017-03-29-12-46-23PM,1490762783189,0.0,3
2017-03-29-12-46-23PM,1490762783911,5.000305,3
2017-03-29-12-46-24PM,1490762784297,0.0,3
2017-03-29-12-46-25PM,1490762785121,5.000305,3
2017-03-29-12-46-26PM,1490762786511,0.0,3
2017-03-29-12-46-26PM,1490762786917,5.000305,3
2017-03-29-12-46-29PM,1490762789352,0.0,3
2017-03-29-12-46-29PM,1490762789782,5.000305,3
2017-03-29-12-46-29PM,1490762789918,0.0,3
2017-03-29-12-46-30PM,1490762790426,5.000305,3
2017-03-29-12-46-31PM,1490762791137,0.0,3
2017-03-29-12-46-31PM,1490762791769,5.000305,3
2017-03-29-12-46-32PM,1490762792333,0.0,3
2017-03-29-12-46-32PM,1490762792949,5.000305,3
2017-03-29-12-46-33PM,1490762793605,0.0,3
2017-03-29-12-46-34PM,1490762794208,5.000305,3
2017-03-29-12-46-34PM,1490762794570,0.0,3
2017-03-29-12-46-35PM,1490762795398,5.000305,3
2017-03-29-12-46-35PM,1490762795832,0.0,3
2017-03-29-12-46-36PM,1490762796403,5.000305,3
2017-03-29-12-46-36PM,1490762796987,0.0,3
2017-03-29-12-46-37PM,1490762797590,5.000305,3
2017-03-29-12-46-37PM,1490762797997,0.0,3
2017-03-29-12-46-38PM,1490762798798,5.000305,3
2017-03-29-12-46-39PM,1490762799207,0.0,3
2017-03-29-12-46-40PM,1490762800020,5.000305,3
2017-03-29-12-46-40PM,1490762800413,0.0,3
2017-03-29-12-46-41PM,1490762801201,5.000305,3
2017-03-29-12-46-41PM,1490762801621,0.0,3
2017-03-29-12-46-42PM,1490762802198,5.000305,3
2017-03-29-12-46-42PM,1490762802627,0.0,3
2017-03-29-12-46-43PM,1490762803455,5.000305,3
2017-03-29-12-46-44PM,1490762804441,0.0,3
2017-03-29-12-46-44PM,1490762804663,5.000305,3
2017-03-29-12-46-45PM,1490762805083,0.0,3
2017-03-29-12-46-45PM,1490762805831,5.000305,3
2017-03-29-12-46-46PM,1490762806245,0.0,3
2017-03-29-12-46-46PM,1490762806896,5.000305,3
2017-03-29-12-46-47PM,1490762807462,0.0,3
2017-03-29-12-46-48PM,1490762808268,5.000305,3
2017-03-29-12-46-48PM,1490762808709,0.0,3
2017-03-29-12-46-49PM,1490762809294,5.000305,3
2017-03-29-12-46-49PM,1490762809877,0.0,3
2017-03-29-12-46-50PM,1490762810512,5.000305,3
2017-03-29-12-46-51PM,1490762811061,0.0,3
2017-03-29-12-46-51PM,1490762811690,5.000305,3
2017-03-29-12-46-52PM,1490762812274,0.0,3
2017-03-29-12-46-55PM,1490762815321,5.000305,3
2017-03-29-12-46-55PM,1490762815792,0.0,3
2017-03-29-12-46-56PM,1490762816561,5.000305,3
2017-03-29-12-46-56PM,1490762816968,0.0,3
2017-03-29-12-46-57PM,1490762817603,5.000305,3
2017-03-29-12-46-58PM,1490762818223,0.0,3
2017-03-29-12-46-58PM,1490762818942,5.000305,3
2017-03-29-12-46-59PM,1490762819368,0.0,3
2017-03-29-12-47-00PM,1490762820150,5.000305,3
2017-03-29-12-47-00PM,1490762820571,0.0,3
2017-03-29-12-47-01PM,1490762821340,5.000305,3
2017-03-29-12-47-01PM,1490762821655,0.0,3
2017-03-29-12-47-02PM,1490762822557,5.000305,3
2017-03-29-12-47-02PM,1490762822994,0.0,3
2017-03-29-12-47-03PM,1490762823598,5.000305,3
2017-03-29-12-47-03PM,1490762823981,0.0,3
2017-03-29-12-47-04PM,1490762824807,5.000305,3
2017-03-29-12-47-05PM,1490762825177,0.0,3
2017-03-29-12-47-06PM,1490762826015,5.000305,3
2017-03-29-12-47-06PM,1490762826407,0.0,3
2017-03-29-12-47-07PM,1490762827158,5.000305,3
2017-03-29-12-47-07PM,1490762827609,0.0,3
2017-03-29-12-47-08PM,1490762828193,5.000305,3
2017-03-29-12-47-08PM,1490762828819,0.0,3
2017-03-29-12-47-10PM,1490762830807,5.000305,3
2017-03-29-12-47-16PM,1490762836105,0.0,3
2017-03-29-12-47-27PM,1490762847989,5.000305,3
2017-03-29-12-47-30PM,1490762850188,0.0,3
2017-03-29-12-47-30PM,1490762850367,5.000305,3
2017-03-29-12-48-09PM,1490762889701,0.0,3
2017-03-29-12-48-10PM,1490762890506,5.000305,3
2017-03-29-12-48-41PM,1490762921876,0.0,3
2017-03-29-12-48-42PM,1490762922059,5.000305,3
2017-03-29-12-48-45PM,1490762925805,0.0,3
2017-03-29-12-48-47PM,1490762927313,5.000305,3
2017-03-29-12-48-47PM,1490762927516,0.0,3
2017-03-29-12-48-48PM,1490762928717,5.000305,3
2017-03-29-12-49-12PM,1490762952501,0.0,3
2017-03-29-12-49-12PM,1490762952871,5.000305,3
2017-03-29-12-49-13PM,1490762953723,0.0,3
2017-03-29-12-49-13PM,1490762953905,5.000305,3
2017-03-29-12-49-14PM,1490762954105,0.0,3
2017-03-29-12-49-14PM,1490762954329,5.000305,3
2017-03-29-12-49-17PM,1490762957136,0.0,3
2017-03-29-12-49-28PM,1490762968408,5.000305,3
2017-03-29-12-49-30PM,1490762970240,0.0,3
2017-03-29-12-49-30PM,1490762970429,5.000305,3
2017-03-29-12-49-38PM,1490762978767,0.0,3
2017-03-29-12-49-39PM,1490762979886,5.000305,3
2017-03-29-12-49-42PM,1490762982692,0.0,3
2017-03-29-12-49-43PM,1490762983491,5.000305,3
2017-03-29-12-49-43PM,1490762983919,0.0,3
2017-03-29-12-49-44PM,1490762984202,5.000305,3
2017-03-29-12-49-44PM,1490762984524,0.0,3
2017-03-29-12-49-46PM,1490762986134,5.000305,3
2017-03-29-12-49-46PM,1490762986738,0.0,3
2017-03-29-12-49-46PM,1490762986940,5.000305,3
2017-03-29-12-49-47PM,1490762987378,0.0,3
2017-03-29-12-49-47PM,1490762987737,5.000305,3
2017-03-29-12-49-48PM,1490762988558,0.0,3
2017-03-29-12-49-49PM,1490762989310,5.000305,3
2017-03-29-12-49-50PM,1490762990243,0.0,3
2017-03-29-12-49-54PM,1490762994648,5.000305,3
2017-03-29-12-49-56PM,1490762996726,0.0,3
2017-03-29-12-49-58PM,1490762998346,5.000305,3
2017-03-29-12-49-59PM,1490762999482,0.0,3
2017-03-29-12-49-59PM,1490762999709,5.000305,3
2017-03-29-12-50-00PM,1490763000226,0.0,3
2017-03-29-12-50-16PM,1490763016976,5.000305,3
2017-03-29-12-50-18PM,1490763018960,0.0,3
2017-03-29-12-50-19PM,1490763019208,5.000305,3
2017-03-29-12-50-20PM,1490763020598,0.0,3
2017-03-29-12-50-25PM,1490763025009,5.000305,3
2017-03-29-12-50-25PM,1490763025234,0.0,3
2017-03-29-12-50-25PM,1490763025454,5.000305,3
2017-03-29-12-50-27PM,1490763027829,0.0,3
2017-03-29-12-50-32PM,1490763032468,5.000305,3
2017-03-29-12-50-32PM,1490763032639,0.0,3
2017-03-29-12-50-32PM,1490763032845,5.000305,3
2017-03-29-12-50-33PM,1490763033050,0.0,3
2017-03-29-12-50-33PM,1490763033450,5.000305,3
2017-03-29-12-50-47PM,1490763047002,0.0,3
2017-03-29-12-50-47PM,1490763047148,5.000305,3
2017-03-29-12-50-51PM,1490763051955,0.0,3
2017-03-29-12-50-52PM,1490763052983,5.000305,3
2017-03-29-1-02-02PM,1490763722578,0.0,3
2017-03-29-1-02-11PM,1490763731543,5.000305,3
2017-03-29-1-05-36PM,1490763936918,0.0,3
2017-03-29-1-05-37PM,1490763937485,5.000305,3
2017-03-29-1-05-39PM,1490763939160,0.0,3
2017-03-29-1-05-39PM,1490763939320,5.000305,3
2017-03-29-1-05-57PM,1490763957053,0.0,3
2017-03-29-1-05-57PM,1490763957271,5.000305,3
2017-03-29-1-05-57PM,1490763957858,0.0,3
2017-03-29-1-05-58PM,1490763958251,5.000305,3
2017-03-29-1-06-00PM,1490763960497,0.0,3
2017-03-29-1-06-00PM,1490763960675,5.000305,3
2017-03-29-1-06-35PM,1490763995722,0.0,3
2017-03-29-1-06-37PM,1490763997978,5.000305,3
2017-03-29-1-07-32PM,1490764052796,0.0,3
2017-03-29-1-07-33PM,1490764053673,5.000305,3
2017-03-29-1-07-46PM,1490764066109,0.0,3
2017-03-29-1-07-46PM,1490764066751,5.000305,3
2017-03-29-1-07-53PM,1490764073592,0.0,3
2017-03-29-1-07-54PM,1490764074061,5.000305,3
2017-03-29-1-08-12PM,1490764092667,0.0,3
2017-03-29-1-08-13PM,1490764093751,5.000305,3
2017-03-29-1-08-13PM,1490764093801,0.0,3
2017-03-29-1-11-02PM,1490764262462,5.000305,3
2017-03-29-1-11-04PM,1490764264617,0.0,3
2017-03-29-1-11-07PM,1490764267336,5.000305,3
2017-03-29-1-18-15PM,1490764695095,0.0,3
2017-03-29-1-18-15PM,1490764695686,5.000305,3
2017-03-29-1-18-18PM,1490764698812,0.0,3
2017-03-29-1-18-24PM,1490764704822,5.000305,3
2017-03-29-1-18-31PM,1490764711160,0.0,3
2017-03-29-1-18-31PM,1490764711960,5.000305,3
2017-03-29-1-18-32PM,1490764712363,0.0,3
2017-03-29-1-18-33PM,1490764713062,5.000305,3
2017-03-29-1-18-33PM,1490764713231,0.0,3
2017-03-29-1-18-33PM,1490764713997,5.000305,3
2017-03-29-1-18-35PM,1490764715430,0.0,3
2017-03-29-1-18-35PM,1490764715930,5.000305,3
2017-03-29-1-21-11PM,1490764871560,0.0,3
2017-03-29-1-21-11PM,1490764871803,5.000305,3
2017-03-29-1-21-11PM,1490764871963,0.0,3
2017-03-29-1-21-12PM,1490764872247,5.000305,3
2017-03-29-1-21-12PM,1490764872586,0.0,3
2017-03-29-1-21-12PM,1490764872769,5.000305,3
2017-03-29-1-21-18PM,1490764878207,0.0,3
2017-03-29-1-21-18PM,1490764878398,5.000305,3
2017-03-29-1-22-17PM,1490764937228,0.0,3
2017-03-29-1-22-17PM,1490764937824,5.000305,3
2017-03-29-1-22-18PM,1490764938235,0.0,3
2017-03-29-1-22-26PM,1490764946477,5.000305,3
2017-03-29-1-22-26PM,1490764946670,0.0,3
2017-03-29-1-22-27PM,1490764947621,5.000305,3
2017-03-29-1-22-27PM,1490764947701,0.0,3
2017-03-29-1-22-34PM,1490764954450,5.000305,3
2017-03-29-1-22-34PM,1490764954691,0.0,3
2017-03-29-1-22-34PM,1490764954836,5.000305,3
2017-03-29-1-22-36PM,1490764956136,0.0,3
2017-03-29-1-22-36PM,1490764956741,5.000305,3
2017-03-29-1-22-58PM,1490764978523,0.0,3
2017-03-29-1-22-59PM,1490764979119,5.000305,3
2017-03-29-1-23-38PM,1490765018892,0.0,3
2017-03-29-1-23-39PM,1490765019212,5.000305,3
2017-03-29-1-24-40PM,1490765080650,0.0,3
2017-03-29-1-24-41PM,1490765081051,5.000305,3
2017-03-29-1-24-42PM,1490765082866,0.0,3
2017-03-29-1-24-50PM,1490765090921,5.000305,3
2017-03-29-1-24-54PM,1490765094188,0.0,3
2017-03-29-1-24-54PM,1490765094393,5.000305,3
2017-03-29-1-24-54PM,1490765094555,0.0,3
2017-03-29-1-24-54PM,1490765094832,5.000305,3
2017-03-29-1-24-55PM,1490765095953,0.0,3
2017-03-29-1-24-56PM,1490765096136,5.000305,3
2017-03-29-1-24-56PM,1490765096338,0.0,3
2017-03-29-1-25-35PM,1490765135059,5.000305,3
2017-03-29-1-27-22PM,1490765242612,0.0,3
2017-03-29-1-27-22PM,1490765242815,5.000305,3
2017-03-29-1-31-50PM,1490765510512,0.0,3
2017-03-29-1-31-51PM,1490765511315,5.000305,3
2017-03-29-1-31-58PM,1490765518365,0.0,3
2017-03-29-1-31-59PM,1490765519578,5.000305,3
2017-03-29-1-32-14PM,1490765534725,0.0,3
2017-03-29-1-32-14PM,1490765534742,5.000305,3
2017-03-29-1-33-28PM,1490765608010,0.0,3
2017-03-29-1-33-28PM,1490765608954,5.000305,3
2017-03-29-1-33-29PM,1490765609001,0.0,3
2017-03-29-1-33-31PM,1490765611468,5.000305,3
2017-03-29-1-33-31PM,1490765611832,0.0,3
2017-03-29-1-33-33PM,1490765613348,5.000305,3
2017-03-29-1-34-08PM,1490765648345,0.0,3
2017-03-29-1-34-08PM,1490765648572,5.000305,3
2017-03-29-1-34-08PM,1490765648688,0.0,3
2017-03-29-1-34-13PM,1490765653477,5.000305,3
2017-03-29-1-34-13PM,1490765653922,0.0,3
2017-03-29-1-34-14PM,1490765654187,5.000305,3
2017-03-29-1-34-16PM,1490765656270,0.0,3
2017-03-29-1-34-16PM,1490765656306,5.000305,3
2017-03-29-1-34-20PM,1490765660028,0.0,3
2017-03-29-1-34-20PM,1490765660071,5.000305,3
2017-03-29-1-34-35PM,1490765675323,0.0,3
2017-03-29-1-34-35PM,1490765675705,5.000305,3
2017-03-29-1-34-37PM,1490765677078,0.0,3
2017-03-29-1-34-39PM,1490765679614,5.000305,3
2017-03-29-1-35-00PM,1490765700163,0.0,3
2017-03-29-1-35-01PM,1490765701671,5.000305,3
2017-03-29-1-35-29PM,1490765729186,0.0,3
2017-03-29-1-35-29PM,1490765729309,5.000305,3
2017-03-29-1-43-18PM,1490766198011,0.0,3
2017-03-29-1-43-22PM,1490766202054,5.000305,3
2017-03-29-1-43-56PM,1490766236878,0.0,3
2017-03-29-1-43-57PM,1490766237305,5.000305,3
2017-03-29-1-44-42PM,1490766282205,0.0,3
2017-03-29-1-44-42PM,1490766282298,5.000305,3
2017-03-29-1-44-42PM,1490766282818,0.0,3
2017-03-29-1-44-46PM,1490766286284,5.000305,3
2017-03-29-1-44-58PM,1490766298900,0.0,3
2017-03-29-1-45-35PM,1490766335101,5.000305,3
2017-03-29-1-45-59PM,1490766359552,0.0,3
2017-03-29-1-46-00PM,1490766360153,5.000305,3
2017-03-29-1-46-18PM,1490766378470,0.0,3
2017-03-29-1-46-18PM,1490766378668,5.000305,3
2017-03-29-1-46-19PM,1490766379894,0.0,3
2017-03-29-1-46-20PM,1490766380304,5.000305,3
2017-03-29-1-46-24PM,1490766384932,0.0,3
2017-03-29-1-46-25PM,1490766385124,5.000305,3
2017-03-29-1-46-32PM,1490766392168,0.0,3
2017-03-29-1-46-33PM,1490766393956,5.000305,3
2017-03-29-1-46-34PM,1490766394246,0.0,3
2017-03-29-1-46-34PM,1490766394447,5.000305,3
2017-03-29-1-46-37PM,1490766397016,0.0,3
2017-03-29-1-46-37PM,1490766397304,5.000305,3
2017-03-29-1-46-40PM,1490766400798,0.0,3
2017-03-29-1-46-40PM,1490766400870,5.000305,3
2017-03-29-1-46-41PM,1490766401477,0.0,3
2017-03-29-1-46-41PM,1490766401678,5.000305,3
2017-03-29-1-46-42PM,1490766402645,0.0,3
2017-03-29-1-46-43PM,1490766403322,5.000305,3
2017-03-29-1-46-44PM,1490766404982,0.0,3
2017-03-29-1-46-45PM,1490766405484,5.000305,3
2017-03-29-1-46-51PM,1490766411929,0.0,3
2017-03-29-1-46-52PM,1490766412416,5.000305,3
2017-03-29-1-46-57PM,1490766417262,0.0,3
2017-03-29-1-46-57PM,1490766417964,5.000305,3
2017-03-29-1-47-03PM,1490766423232,0.0,3
2017-03-29-1-47-03PM,1490766423714,5.000305,3
2017-03-29-1-47-07PM,1490766427827,0.0,3
2017-03-29-1-47-08PM,1490766428018,5.000305,3
2017-03-29-1-47-08PM,1490766428640,0.0,3
2017-03-29-1-47-08PM,1490766428832,5.000305,3
2017-03-29-1-47-14PM,1490766434878,0.0,3
2017-03-29-1-47-15PM,1490766435923,5.000305,3
2017-03-29-1-47-16PM,1490766436285,0.0,3
2017-03-29-1-47-16PM,1490766436886,5.000305,3
2017-03-29-1-47-17PM,1490766437691,0.0,3
2017-03-29-1-47-17PM,1490766437695,5.000305,3
2017-03-29-1-47-17PM,1490766437764,0.0,3
2017-03-29-1-47-17PM,1490766437904,5.000305,3
2017-03-29-1-47-28PM,1490766448170,0.0,3
2017-03-29-1-47-28PM,1490766448781,5.000305,3
2017-03-29-1-47-29PM,1490766449625,0.0,3
2017-03-29-1-47-30PM,1490766450101,5.000305,3
2017-03-29-1-47-44PM,1490766464496,0.0,3
2017-03-29-1-47-44PM,1490766464690,5.000305,3
2017-03-29-1-48-49PM,1490766529972,0.0,3
2017-03-29-1-48-50PM,1490766530313,5.000305,3
2017-03-29-1-49-00PM,1490766540242,0.0,3
2017-03-29-1-49-00PM,1490766540443,5.000305,3
2017-03-29-1-49-01PM,1490766541270,0.0,3
2017-03-29-1-49-01PM,1490766541474,5.000305,3
2017-03-29-1-49-06PM,1490766546567,0.0,3
2017-03-29-1-49-06PM,1490766546891,5.000305,3
2017-03-29-1-49-08PM,1490766548275,0.0,3
2017-03-29-1-49-08PM,1490766548729,5.000305,3
2017-03-29-1-49-14PM,1490766554642,0.0,3
2017-03-29-1-49-14PM,1490766554666,5.000305,3
2017-03-29-1-49-23PM,1490766563207,0.0,3
2017-03-29-1-49-23PM,1490766563509,5.000305,3
2017-03-29-1-49-26PM,1490766566066,0.0,3
2017-03-29-1-49-26PM,1490766566274,5.000305,3
2017-03-29-1-49-29PM,1490766569072,0.0,3
2017-03-29-1-49-29PM,1490766569261,5.000305,3
2017-03-29-1-49-30PM,1490766570276,0.0,3
2017-03-29-1-49-30PM,1490766570771,5.000305,3
2017-03-29-1-49-31PM,1490766571080,0.0,3
2017-03-29-1-49-31PM,1490766571666,5.000305,3
2017-03-29-1-49-32PM,1490766572089,0.0,3
2017-03-29-1-49-32PM,1490766572898,5.000305,3
2017-03-29-1-49-34PM,1490766574662,0.0,3
2017-03-29-1-49-35PM,1490766575312,5.000305,3
2017-03-29-1-49-38PM,1490766578093,0.0,3
2017-03-29-1-49-38PM,1490766578301,5.000305,3
2017-03-29-1-49-41PM,1490766581154,0.0,3
2017-03-29-1-49-41PM,1490766581378,5.000305,3
2017-03-29-1-49-52PM,1490766592630,0.0,3
2017-03-29-1-49-53PM,1490766593045,5.000305,3
2017-03-29-1-50-04PM,1490766604524,0.0,3
2017-03-29-1-50-04PM,1490766604681,5.000305,3
2017-03-29-1-50-09PM,1490766609126,0.0,3
2017-03-29-1-50-10PM,1490766610698,5.000305,3
2017-03-29-1-50-13PM,1490766613867,0.0,3
2017-03-29-1-50-14PM,1490766614123,5.000305,3
2017-03-29-1-50-14PM,1490766614706,0.0,3
2017-03-29-1-50-14PM,1490766614739,5.000305,3
2017-03-29-1-50-14PM,1490766614748,0.0,3
2017-03-29-1-50-14PM,1490766614755,5.000305,3
2017-03-29-1-50-15PM,1490766615782,0.0,3
2017-03-29-1-50-16PM,1490766616037,5.000305,3
2017-03-29-1-51-05PM,1490766665139,0.0,3
2017-03-29-1-51-09PM,1490766669138,5.000305,3
2017-03-29-1-55-00PM,1490766900833,0.0,3
2017-03-29-1-55-01PM,1490766901415,5.000305,3
2017-03-29-1-56-27PM,1490766987985,0.0,3
2017-03-29-1-56-28PM,1490766988283,5.000305,3
2017-03-29-1-56-28PM,1490766988864,0.0,3
2017-03-29-1-56-30PM,1490766990626,5.000305,3
2017-03-29-1-57-07PM,1490767027289,0.0,3
2017-03-29-1-57-07PM,1490767027491,5.000305,3
2017-03-29-2-00-29PM,1490767229526,0.0,3
2017-03-29-2-00-31PM,1490767231540,5.000305,3
2017-03-29-2-00-32PM,1490767232963,0.0,3
2017-03-29-2-00-40PM,1490767240426,5.000305,3
2017-03-29-2-00-42PM,1490767242237,0.0,3
2017-03-29-2-00-43PM,1490767243022,5.000305,3
2017-03-29-2-00-44PM,1490767244640,0.0,3
2017-03-29-2-00-57PM,1490767257933,5.000305,3
2017-03-29-2-01-05PM,1490767265593,0.0,3
2017-03-29-2-01-05PM,1490767265794,5.000305,3
2017-03-29-2-02-30PM,1490767350392,0.0,3
2017-03-29-2-02-31PM,1490767351799,5.000305,3
2017-03-29-2-10-05PM,1490767805226,0.0,3
2017-03-29-2-10-06PM,1490767806842,5.000305,3
2017-03-29-2-12-38PM,1490767958127,0.0,3
2017-03-29-2-12-40PM,1490767960532,5.000305,3
2017-03-29-2-13-26PM,1490768006866,0.0,3
2017-03-29-2-13-34PM,1490768014316,5.000305,3
2017-03-29-2-13-49PM,1490768029019,0.0,3
2017-03-29-2-13-51PM,1490768031262,5.000305,3
2017-03-29-2-13-57PM,1490768037729,0.0,3
2017-03-29-2-13-58PM,1490768038710,5.000305,3
2017-03-29-2-14-30PM,1490768070993,0.0,3
2017-03-29-2-14-31PM,1490768071527,5.000305,3
2017-03-29-2-16-45PM,1490768205897,0.0,3
2017-03-29-2-16-48PM,1490768208318,5.000305,3
2017-03-29-2-18-06PM,1490768286883,0.0,3
2017-03-29-2-18-07PM,1490768287094,5.000305,3
2017-03-29-2-18-43PM,1490768323139,0.0,3
2017-03-29-2-18-43PM,1490768323320,5.000305,3
2017-03-29-2-18-46PM,1490768326620,0.0,3
2017-03-29-2-18-46PM,1490768326766,5.000305,3
