2017-03-23-10-03-28a.m.,1490234608239,1490234607921,2017-03-23-10-03-27a.m.,network,1.3728458,103.8958666,22.889,-1.0,-1.0,-1.0
2017-03-23-10-03-44a.m.,1490234624343,1490234621911,2017-03-23-10-03-41a.m.,network,1.3728458,103.8958666,22.094,-1.0,-1.0,-1.0
2017-03-23-10-04-04a.m.,1490234644181,1490234635889,2017-03-23-10-03-55a.m.,network,1.3728458,103.8958666,22.067,-1.0,-1.0,-1.0
2017-03-23-10-04-24a.m.,1490234664581,1490234663824,2017-03-23-10-04-23a.m.,network,1.3728458,103.8958666,22.053,-1.0,-1.0,-1.0
2017-03-23-10-04-44a.m.,1490234684577,1490234677794,2017-03-23-10-04-37a.m.,network,1.3728458,103.8958666,22.035,-1.0,-1.0,-1.0
2017-03-23-10-05-05a.m.,1490234705629,1490234691775,2017-03-23-10-04-51a.m.,network,1.3728458,103.8958666,22.1,-1.0,-1.0,-1.0
2017-03-23-10-05-25a.m.,1490234725650,1490234719720,2017-03-23-10-05-19a.m.,network,1.3728458,103.8958666,22.059,-1.0,-1.0,-1.0
2017-03-23-10-05-45a.m.,1490234745651,1490234733677,2017-03-23-10-05-33a.m.,network,1.3728458,103.8958666,22.067,-1.0,-1.0,-1.0
2017-03-23-10-06-05a.m.,1490234765826,1490234761627,2017-03-23-10-06-01a.m.,network,1.3728458,103.8958666,22.064,-1.0,-1.0,-1.0
2017-03-23-10-06-25a.m.,1490234785955,1490234785634,2017-03-23-10-06-25a.m.,network,1.3728458,103.8958666,22.05,-1.0,-1.0,-1.0
2017-03-23-10-06-45a.m.,1490234805985,1490234805661,2017-03-23-10-06-45a.m.,network,1.3728458,103.8958666,22.899,-1.0,-1.0,-1.0
2017-03-23-10-07-07a.m.,1490234827091,1490234825680,2017-03-23-10-07-05a.m.,network,1.3728458,103.8958666,22.051,-1.0,-1.0,-1.0
2017-03-23-10-07-27a.m.,1490234847004,1490234845670,2017-03-23-10-07-25a.m.,network,1.3728458,103.8958666,22.087,-1.0,-1.0,-1.0
2017-03-23-10-07-47a.m.,1490234867086,1490234865689,2017-03-23-10-07-45a.m.,network,1.3728458,103.8958666,22.069,-1.0,-1.0,-1.0
2017-03-23-10-08-07a.m.,1490234887158,1490234885751,2017-03-23-10-08-05a.m.,network,1.3728458,103.8958666,22.065,-1.0,-1.0,-1.0
2017-03-23-10-08-27a.m.,1490234907139,1490234905758,2017-03-23-10-08-25a.m.,network,1.3728458,103.8958666,22.833,-1.0,-1.0,-1.0
2017-03-23-10-08-47a.m.,1490234927132,1490234925775,2017-03-23-10-08-45a.m.,network,1.3728458,103.8958666,22.055,-1.0,-1.0,-1.0
2017-03-23-10-09-08a.m.,1490234948217,1490234945819,2017-03-23-10-09-05a.m.,network,1.3728458,103.8958666,22.083,-1.0,-1.0,-1.0
2017-03-23-10-09-28a.m.,1490234968196,1490234965828,2017-03-23-10-09-25a.m.,network,1.3728458,103.8958666,22.077,-1.0,-1.0,-1.0
2017-03-23-10-09-48a.m.,1490234988211,1490234985832,2017-03-23-10-09-45a.m.,network,1.3728458,103.8958666,22.111,-1.0,-1.0,-1.0
2017-03-23-10-10-08a.m.,1490235008363,1490235005881,2017-03-23-10-10-05a.m.,network,1.3728458,103.8958666,22.065,-1.0,-1.0,-1.0
2017-03-23-10-10-28a.m.,1490235028307,1490235025844,2017-03-23-10-10-25a.m.,network,1.3728458,103.8958666,22.064,-1.0,-1.0,-1.0
2017-03-23-10-10-48a.m.,1490235048336,1490235045887,2017-03-23-10-10-45a.m.,network,1.3728458,103.8958666,22.852,-1.0,-1.0,-1.0
2017-03-23-10-11-08a.m.,1490235068495,1490235065903,2017-03-23-10-11-05a.m.,network,1.3728458,103.8958666,22.027,-1.0,-1.0,-1.0
2017-03-23-10-11-28a.m.,1490235088475,1490235085907,2017-03-23-10-11-25a.m.,network,1.3728458,103.8958666,22.07,-1.0,-1.0,-1.0
2017-03-23-10-11-49a.m.,1490235109539,1490235105959,2017-03-23-10-11-45a.m.,network,1.3728458,103.8958666,22.066,-1.0,-1.0,-1.0
2017-03-23-10-12-09a.m.,1490235129556,1490235125984,2017-03-23-10-12-05a.m.,network,1.3728458,103.8958666,22.08,-1.0,-1.0,-1.0
2017-03-23-10-12-29a.m.,1490235149584,1490235146008,2017-03-23-10-12-26a.m.,network,1.3728458,103.8958666,22.066,-1.0,-1.0,-1.0
2017-03-23-10-12-49a.m.,1490235169764,1490235166020,2017-03-23-10-12-46a.m.,network,1.3728458,103.8958666,22.088,-1.0,-1.0,-1.0
2017-03-23-10-13-09a.m.,1490235189951,1490235186047,2017-03-23-10-13-06a.m.,network,1.3728458,103.8958666,22.089,-1.0,-1.0,-1.0
2017-03-23-10-13-29a.m.,1490235209974,1490235206058,2017-03-23-10-13-26a.m.,network,1.3728827,103.8958213,23.185,-1.0,-1.0,-1.0
2017-03-23-10-13-51a.m.,1490235231070,1490235226087,2017-03-23-10-13-46a.m.,network,1.3728458,103.8958666,22.056,-1.0,-1.0,-1.0
2017-03-23-10-14-11a.m.,1490235251100,1490235246128,2017-03-23-10-14-06a.m.,network,1.3728458,103.8958666,22.072,-1.0,-1.0,-1.0
2017-03-23-10-14-31a.m.,1490235271105,1490235266126,2017-03-23-10-14-26a.m.,network,1.3728458,103.8958666,22.048,-1.0,-1.0,-1.0
2017-03-23-10-14-51a.m.,1490235291139,1490235286156,2017-03-23-10-14-46a.m.,network,1.3728458,103.8958666,22.075,-1.0,-1.0,-1.0
2017-03-23-10-15-11a.m.,1490235311225,1490235306194,2017-03-23-10-15-06a.m.,network,1.3728827,103.8958213,24.4,-1.0,-1.0,-1.0
2017-03-23-10-15-31a.m.,1490235331346,1490235326206,2017-03-23-10-15-26a.m.,network,1.3728458,103.8958666,22.067,-1.0,-1.0,-1.0
2017-03-23-10-15-51a.m.,1490235351573,1490235346240,2017-03-23-10-15-46a.m.,network,1.3728458,103.8958666,22.07,-1.0,-1.0,-1.0
2017-03-23-10-16-11a.m.,1490235371547,1490235366259,2017-03-23-10-16-06a.m.,network,1.3728458,103.8958666,22.865,-1.0,-1.0,-1.0
2017-03-23-10-16-31a.m.,1490235391556,1490235386254,2017-03-23-10-16-26a.m.,network,1.3728458,103.8958666,22.859,-1.0,-1.0,-1.0
2017-03-23-10-16-51a.m.,1490235411574,1490235406292,2017-03-23-10-16-46a.m.,network,1.3728458,103.8958666,22.877,-1.0,-1.0,-1.0
2017-03-23-10-17-11a.m.,1490235431573,1490235426301,2017-03-23-10-17-06a.m.,network,1.3728458,103.8958666,22.868,-1.0,-1.0,-1.0
2017-03-23-10-17-31a.m.,1490235451660,1490235446314,2017-03-23-10-17-26a.m.,network,1.3728458,103.8958666,22.054,-1.0,-1.0,-1.0
2017-03-23-10-17-51a.m.,1490235471677,1490235466352,2017-03-23-10-17-46a.m.,network,1.3728458,103.8958666,22.879,-1.0,-1.0,-1.0
2017-03-23-10-18-11a.m.,1490235491739,1490235486364,2017-03-23-10-18-06a.m.,network,1.3728458,103.8958666,22.869,-1.0,-1.0,-1.0
2017-03-23-10-18-31a.m.,1490235511730,1490235506380,2017-03-23-10-18-26a.m.,network,1.3728827,103.8958213,24.943,-1.0,-1.0,-1.0
2017-03-23-10-18-51a.m.,1490235531707,1490235526412,2017-03-23-10-18-46a.m.,network,1.3729565,103.8957307,23.45,-1.0,-1.0,-1.0
2017-03-23-10-19-11a.m.,1490235551728,1490235546449,2017-03-23-10-19-06a.m.,network,1.3728458,103.8958666,22.054,-1.0,-1.0,-1.0
2017-03-23-10-19-31a.m.,1490235571702,1490235566461,2017-03-23-10-19-26a.m.,network,1.3728458,103.8958666,22.064,-1.0,-1.0,-1.0
2017-03-23-10-19-51a.m.,1490235591729,1490235586466,2017-03-23-10-19-46a.m.,network,1.3728458,103.8958666,22.062,-1.0,-1.0,-1.0
2017-03-23-10-20-11a.m.,1490235611779,1490235606490,2017-03-23-10-20-06a.m.,network,1.3728458,103.8958666,22.067,-1.0,-1.0,-1.0
2017-03-23-10-20-31a.m.,1490235631797,1490235626501,2017-03-23-10-20-26a.m.,network,1.3728458,103.8958666,22.048,-1.0,-1.0,-1.0
2017-03-23-10-20-51a.m.,1490235651833,1490235646508,2017-03-23-10-20-46a.m.,network,1.3728458,103.8958666,22.061,-1.0,-1.0,-1.0
2017-03-23-10-21-11a.m.,1490235671848,1490235666532,2017-03-23-10-21-06a.m.,network,1.3728458,103.8958666,22.052,-1.0,-1.0,-1.0
2017-03-23-10-21-31a.m.,1490235691861,1490235686573,2017-03-23-10-21-26a.m.,network,1.3728458,103.8958666,22.057,-1.0,-1.0,-1.0
2017-03-23-10-21-53a.m.,1490235713279,1490235706554,2017-03-23-10-21-46a.m.,network,1.3728458,103.8958666,22.85,-1.0,-1.0,-1.0
2017-03-23-10-22-33a.m.,1490235753565,1490235746681,2017-03-23-10-22-26a.m.,network,1.3728458,103.8958666,22.071,-1.0,-1.0,-1.0
2017-03-23-10-22-53a.m.,1490235773580,1490235766725,2017-03-23-10-22-46a.m.,network,1.3728458,103.8958666,22.073,-1.0,-1.0,-1.0
2017-03-23-10-23-13a.m.,1490235793594,1490235786736,2017-03-23-10-23-06a.m.,network,1.3728458,103.8958666,22.04,-1.0,-1.0,-1.0
2017-03-23-10-23-33a.m.,1490235813561,1490235806781,2017-03-23-10-23-26a.m.,network,1.3728458,103.8958666,22.036,-1.0,-1.0,-1.0
2017-03-23-10-23-53a.m.,1490235833613,1490235826791,2017-03-23-10-23-46a.m.,network,1.3728458,103.8958666,22.039,-1.0,-1.0,-1.0
2017-03-23-10-24-13a.m.,1490235853613,1490235846811,2017-03-23-10-24-06a.m.,network,1.3728464,103.895776,21.966,-1.0,-1.0,-1.0
2017-03-23-10-24-33a.m.,1490235873628,1490235866846,2017-03-23-10-24-26a.m.,network,1.3728458,103.8958666,22.036,-1.0,-1.0,-1.0
2017-03-23-10-24-53a.m.,1490235893658,1490235886885,2017-03-23-10-24-46a.m.,network,1.3728458,103.8958666,22.05,-1.0,-1.0,-1.0
2017-03-23-10-25-13a.m.,1490235913634,1490235906911,2017-03-23-10-25-06a.m.,network,1.3728458,103.8958666,22.067,-1.0,-1.0,-1.0
2017-03-23-10-25-36a.m.,1490235936300,1490235926906,2017-03-23-10-25-26a.m.,network,1.3728458,103.8958666,22.037,-1.0,-1.0,-1.0
2017-03-23-10-25-56a.m.,1490235956183,1490235946921,2017-03-23-10-25-46a.m.,network,1.3728458,103.8958666,22.05,-1.0,-1.0,-1.0
2017-03-23-10-26-16a.m.,1490235976197,1490235966946,2017-03-23-10-26-06a.m.,network,1.3728458,103.8958666,22.052,-1.0,-1.0,-1.0
2017-03-23-10-26-36a.m.,1490235996180,1490235986972,2017-03-23-10-26-26a.m.,network,1.3728458,103.8958666,22.031,-1.0,-1.0,-1.0
2017-03-23-10-26-56a.m.,1490236016309,1490236006983,2017-03-23-10-26-46a.m.,network,1.3728458,103.8958666,22.056,-1.0,-1.0,-1.0
2017-03-23-10-27-16a.m.,1490236036335,1490236026984,2017-03-23-10-27-06a.m.,network,1.3728458,103.8958666,22.087,-1.0,-1.0,-1.0
2017-03-23-10-27-36a.m.,1490236056364,1490236047020,2017-03-23-10-27-27a.m.,network,1.3728458,103.8958666,22.073,-1.0,-1.0,-1.0
2017-03-23-10-27-57a.m.,1490236077300,1490236077028,2017-03-23-10-27-57a.m.,network,1.3728458,103.8958666,21.995,-1.0,-1.0,-1.0
2017-03-23-10-28-17a.m.,1490236097100,1490236097028,2017-03-23-10-28-17a.m.,network,1.3728458,103.8958666,22.105,-1.0,-1.0,-1.0
2017-03-23-10-28-37a.m.,1490236117223,1490236107072,2017-03-23-10-28-27a.m.,network,1.3728458,103.8958666,22.085,-1.0,-1.0,-1.0
2017-03-23-10-28-57a.m.,1490236137276,1490236137110,2017-03-23-10-28-57a.m.,network,1.3729196,103.895776,23.375,-1.0,-1.0,-1.0
2017-03-23-10-29-17a.m.,1490236157264,1490236157121,2017-03-23-10-29-17a.m.,network,1.3730292,103.8958213,23.223,-1.0,-1.0,-1.0
2017-03-23-10-29-37a.m.,1490236177229,1490236167183,2017-03-23-10-29-27a.m.,network,1.3732132,103.8956854,22.459,-1.0,-1.0,-1.0
2017-03-23-10-29-59a.m.,1490236199570,1490236198006,2017-03-23-10-29-58a.m.,network,1.3729236,103.8959454,110.0,-1.0,-1.0,-1.0
2017-03-23-10-30-18a.m.,1490236218255,1490236218036,2017-03-23-10-30-18a.m.,network,1.3733233,103.8956401,21.982,-1.0,-1.0,-1.0
2017-03-23-10-30-29a.m.,1490236229916,1490236058368,2017-03-23-10-27-38a.m.,gps,1.3732997814840313,103.89555686033422,128.0,34.818325782723036,291.40036,1.1845161
2017-03-23-10-30-38a.m.,1490236238272,1490236238076,2017-03-23-10-30-38a.m.,network,1.3733602,103.8955947,24.027,-1.0,-1.0,-1.0
2017-03-23-10-30-50a.m.,1490236250540,1490236079000,2017-03-23-10-27-59a.m.,gps,1.3733052642826848,103.89540625530901,12.0,23.90162031488195,-1.0,0.0
2017-03-23-10-30-58a.m.,1490236258730,1490236258076,2017-03-23-10-30-58a.m.,network,1.3732875,103.8955041,22.138,-1.0,-1.0,-1.0
2017-03-23-10-31-10a.m.,1490236270540,1490236099000,2017-03-23-10-28-19a.m.,gps,1.3731359708814124,103.89517512517284,32.0,24.815440358487677,-1.0,1.5678198
2017-03-23-10-31-18a.m.,1490236278828,1490236278148,2017-03-23-10-31-18a.m.,network,1.3733618,103.8953229,26.786,-1.0,-1.0,-1.0
2017-03-23-10-31-38a.m.,1490236298867,1490236298241,2017-03-23-10-31-38a.m.,network,1.373364,103.8949604,23.408,-1.0,-1.0,-1.0
2017-03-23-10-31-44a.m.,1490236304543,1490236133000,2017-03-23-10-28-53a.m.,gps,1.3730089495310194,103.89479102879696,48.0,25.52724965116779,225.30464,1.6019617
2017-03-23-10-31-59a.m.,1490236319555,1490236148000,2017-03-23-10-29-08a.m.,gps,1.3731338295549604,103.89462069479721,32.0,27.524486446540582,268.33585,1.8595368
2017-03-23-10-32-09a.m.,1490236329556,1490236158000,2017-03-23-10-29-18a.m.,gps,1.373109304063423,103.89432327253203,16.0,29.646154103785477,233.35675,1.3206159
2017-03-23-10-32-19a.m.,1490236339557,1490236168000,2017-03-23-10-29-28a.m.,gps,1.3730926648746178,103.89428518105603,16.0,31.192314683077953,304.83514,0.6294368
2017-03-23-10-32-29a.m.,1490236349556,1490236178000,2017-03-23-10-29-38a.m.,gps,1.3729717047612324,103.89425395040706,16.0,29.34010054676657,269.58792,0.6379314
2017-03-23-10-32-39a.m.,1490236359572,1490236188000,2017-03-23-10-29-48a.m.,gps,1.3728431039320563,103.89409433508659,16.0,28.190226819963307,241.40814,1.0717101
2017-03-23-10-32-49a.m.,1490236369566,1490236198000,2017-03-23-10-29-58a.m.,gps,1.3728162169807123,103.89407700668065,16.0,27.854578222456063,244.70166,0.37506667
2017-03-23-10-33-00a.m.,1490236380604,1490236209000,2017-03-23-10-30-09a.m.,gps,1.372789082139157,103.8939830442782,16.0,26.694459950454323,268.20764,0.6763618
2017-03-23-10-33-10a.m.,1490236390575,1490236219000,2017-03-23-10-30-19a.m.,gps,1.372758083807266,103.89394166783107,24.0,24.209502145121302,208.7576,0.0
2017-03-23-10-33-22a.m.,1490236402791,1490236398713,2017-03-23-10-33-18a.m.,network,1.3728582,103.8937824,22.14,-1.0,-1.0,-1.0
2017-03-23-10-33-34a.m.,1490236414591,1490236243000,2017-03-23-10-30-43a.m.,gps,1.3731707849954407,103.89349920860525,32.0,23.325624507381022,266.64066,0.0
2017-03-23-10-33-42a.m.,1490236422775,1490236418635,2017-03-23-10-33-38a.m.,network,1.3733004,103.8933293,25.755,-1.0,-1.0,-1.0
2017-03-23-10-33-54a.m.,1490236434566,1490236263000,2017-03-23-10-31-03a.m.,gps,1.3725947499961513,103.89347505323042,16.0,23.418318699889635,182.15414,0.5532469
2017-03-23-10-34-04a.m.,1490236444171,1490236438420,2017-03-23-10-33-58a.m.,network,1.3725663,103.8936012,22.146,-1.0,-1.0,-1.0
2017-03-23-10-34-12a.m.,1490236452400,1490236448428,2017-03-23-10-34-08a.m.,network,1.3725663,103.8936012,22.138,-1.0,-1.0,-1.0
2017-03-23-10-34-24a.m.,1490236464561,1490236293000,2017-03-23-10-31-33a.m.,gps,1.3723155003818017,103.89339398944855,12.0,27.57106804980069,204.15302,0.612303
2017-03-23-10-34-34a.m.,1490236474575,1490236303000,2017-03-23-10-31-43a.m.,gps,1.3722967690777204,103.89340615666524,16.0,27.3824096591563,151.86177,0.0
2017-03-23-10-34-44a.m.,1490236484618,1490236313000,2017-03-23-10-31-53a.m.,gps,1.3721266414970519,103.893474467008,16.0,25.248870714981933,202.01555,0.76544845
2017-03-23-10-34-54a.m.,1490236494584,1490236323000,2017-03-23-10-32-03a.m.,gps,1.372085841405011,103.89343514365335,12.0,22.798854900869383,241.54251,1.0031404
2017-03-23-10-35-04a.m.,1490236504689,1490236333000,2017-03-23-10-32-13a.m.,gps,1.3719510995502413,103.89333292513783,12.0,21.803277242308564,229.37027,1.0796479
2017-03-23-10-35-14a.m.,1490236514612,1490236343000,2017-03-23-10-32-23a.m.,gps,1.3718366389369445,103.89319684767418,16.0,21.90286193949271,241.8524,1.2927303
2017-03-23-10-35-28a.m.,1490236528866,1490236519003,2017-03-23-10-35-19a.m.,network,1.3720187,103.893284,25.697,-1.0,-1.0,-1.0
2017-03-23-10-35-35a.m.,1490236535562,1490236364000,2017-03-23-10-32-44a.m.,gps,1.3718768487417143,103.89299757042151,24.0,22.87148378253285,269.01715,0.0
2017-03-23-10-35-49a.m.,1490236549387,1490236548657,2017-03-23-10-35-48a.m.,network,1.3722032,103.8930575,50.0,-1.0,-1.0,-1.0
2017-03-23-10-36-14a.m.,1490236574372,1490236569039,2017-03-23-10-36-09a.m.,network,1.384974,103.8953681,1500.0,-1.0,-1.0,-1.0
2017-03-23-10-36-34a.m.,1490236594156,1490236589181,2017-03-23-10-36-29a.m.,network,1.384974,103.8953681,1500.0,-1.0,-1.0,-1.0
2017-03-23-10-36-49a.m.,1490236609859,1490236609188,2017-03-23-10-36-49a.m.,network,1.384974,103.8953681,1500.0,-1.0,-1.0,-1.0
2017-03-23-10-37-09a.m.,1490236629893,1490236629246,2017-03-23-10-37-09a.m.,network,1.384974,103.8953681,1500.0,-1.0,-1.0,-1.0
2017-03-23-10-37-30a.m.,1490236650857,1490236650636,2017-03-23-10-37-30a.m.,network,1.3867304,103.8957306,1500.0,-1.0,-1.0,-1.0
2017-03-23-10-37-50a.m.,1490236670851,1490236670701,2017-03-23-10-37-50a.m.,network,1.3867304,103.8957306,1500.0,-1.0,-1.0,-1.0
2017-03-23-10-38-12a.m.,1490236692585,1490236689284,2017-03-23-10-38-09a.m.,network,1.2798765,103.8396511,104.1,-1.0,-1.0,-1.0
2017-03-23-10-38-32a.m.,1490236712342,1490236709324,2017-03-23-10-38-29a.m.,network,1.2813463,103.8585054,36.9,-1.0,-1.0,-1.0
2017-03-23-10-38-52a.m.,1490236732004,1490236729359,2017-03-23-10-38-49a.m.,network,1.2813463,103.8585054,28.1,-1.0,-1.0,-1.0
2017-03-23-10-39-12a.m.,1490236752516,1490236749356,2017-03-23-10-39-09a.m.,network,1.2813463,103.8585054,24.9,-1.0,-1.0,-1.0
2017-03-23-10-39-32a.m.,1490236772383,1490236771344,2017-03-23-10-39-31a.m.,network,1.2813463,103.8585054,26.4,-1.0,-1.0,-1.0
2017-03-23-10-39-52a.m.,1490236792073,1490236788828,2017-03-23-10-39-48a.m.,network,1.2813463,103.8585054,39.6,-1.0,-1.0,-1.0
2017-03-23-10-40-13a.m.,1490236813157,1490236809055,2017-03-23-10-40-09a.m.,network,1.2813463,103.8585054,39.6,-1.0,-1.0,-1.0
2017-03-23-10-40-33a.m.,1490236833996,1490236829121,2017-03-23-10-40-29a.m.,network,1.2813463,103.8585054,39.6,-1.0,-1.0,-1.0
2017-03-23-10-40-42a.m.,1490236842317,1490236839100,2017-03-23-10-40-39a.m.,network,1.2813463,103.8585054,22.5,-1.0,-1.0,-1.0
2017-03-23-10-40-53a.m.,1490236853556,1490236849467,2017-03-23-10-40-49a.m.,network,1.2813463,103.8585054,23.6,-1.0,-1.0,-1.0
2017-03-23-10-41-14a.m.,1490236874539,1490236869470,2017-03-23-10-41-09a.m.,network,1.2813463,103.8585054,30.0,-1.0,-1.0,-1.0
2017-03-23-10-41-33a.m.,1490236893759,1490236889540,2017-03-23-10-41-29a.m.,network,1.3599003,103.8848778,20.0,-1.0,-1.0,-1.0
2017-03-23-10-41-53a.m.,1490236913797,1490236909080,2017-03-23-10-41-49a.m.,network,1.2813463,103.8585054,30.0,-1.0,-1.0,-1.0
2017-03-23-10-42-13a.m.,1490236933687,1490236925379,2017-03-23-10-42-05a.m.,network,1.2813463,103.8585054,23.6,-1.0,-1.0,-1.0
2017-03-23-10-42-34a.m.,1490236954293,1490236949288,2017-03-23-10-42-29a.m.,network,1.2813463,103.8585054,36.9,-1.0,-1.0,-1.0
2017-03-23-10-42-54a.m.,1490236974179,1490236969274,2017-03-23-10-42-49a.m.,network,1.2813463,103.8585054,24.9,-1.0,-1.0,-1.0
2017-03-23-10-43-27a.m.,1490237007805,1490236999731,2017-03-23-10-43-19a.m.,network,1.2813463,103.8585054,23.6,-1.0,-1.0,-1.0
2017-03-23-10-43-36a.m.,1490237016062,1490237009770,2017-03-23-10-43-29a.m.,network,1.2813463,103.8585054,28.1,-1.0,-1.0,-1.0
2017-03-23-10-43-55a.m.,1490237035626,1490237029799,2017-03-23-10-43-49a.m.,network,1.2813463,103.8585054,32.1,-1.0,-1.0,-1.0
2017-03-23-10-44-19a.m.,1490237059824,1490237049810,2017-03-23-10-44-09a.m.,network,1.3496866,103.8737578,24.104,-1.0,-1.0,-1.0
2017-03-23-10-44-35a.m.,1490237075852,1490237075473,2017-03-23-10-44-35a.m.,network,1.3549545,103.8681858,1899.999,-1.0,-1.0,-1.0
2017-03-23-10-44-56a.m.,1490237096283,1490237089892,2017-03-23-10-44-49a.m.,network,1.3506691,103.87229,98.4,-1.0,-1.0,-1.0
2017-03-23-10-45-16a.m.,1490237116175,1490237109861,2017-03-23-10-45-09a.m.,network,1.3502813,103.8722176,36.458,-1.0,-1.0,-1.0
2017-03-23-10-45-37a.m.,1490237137056,1490237129947,2017-03-23-10-45-29a.m.,network,1.3509023,103.8724441,37.146,-1.0,-1.0,-1.0
2017-03-23-10-46-17a.m.,1490237177351,1490237169955,2017-03-23-10-46-09a.m.,network,1.3506458,103.8724894,22.098,-1.0,-1.0,-1.0
2017-03-23-10-46-37a.m.,1490237197384,1490237190141,2017-03-23-10-46-30a.m.,network,1.3506095,103.8724441,23.141,-1.0,-1.0,-1.0
2017-03-23-10-46-57a.m.,1490237217407,1490237211807,2017-03-23-10-46-51a.m.,network,1.3507211,103.872127,24.015,-1.0,-1.0,-1.0
2017-03-23-10-47-17a.m.,1490237237744,1490237230149,2017-03-23-10-47-10a.m.,network,1.3507938,103.8722176,26.517,-1.0,-1.0,-1.0
2017-03-23-10-47-38a.m.,1490237258344,1490237250157,2017-03-23-10-47-30a.m.,network,1.3507944,103.872127,24.1,-1.0,-1.0,-1.0
2017-03-23-10-47-58a.m.,1490237278332,1490237278130,2017-03-23-10-47-58a.m.,network,1.3526366,103.8638372,1500.0,-1.0,-1.0,-1.0
2017-03-23-10-48-18a.m.,1490237298736,1490237290243,2017-03-23-10-48-10a.m.,network,1.3506691,103.87229,45.6,-1.0,-1.0,-1.0
2017-03-23-10-48-38a.m.,1490237318611,1490237318353,2017-03-23-10-48-38a.m.,network,1.3526366,103.8638372,1500.0,-1.0,-1.0,-1.0
2017-03-23-10-48-58a.m.,1490237338463,1490237338329,2017-03-23-10-48-58a.m.,network,1.3526366,103.8638372,1500.0,-1.0,-1.0,-1.0
2017-03-23-10-49-18a.m.,1490237358564,1490237358362,2017-03-23-10-49-18a.m.,network,1.3547314,103.8562273,1500.0,-1.0,-1.0,-1.0
2017-03-23-10-49-38a.m.,1490237378552,1490237378444,2017-03-23-10-49-38a.m.,network,1.3547314,103.8562273,1500.0,-1.0,-1.0,-1.0
2017-03-23-10-50-00a.m.,1490237400501,1490237399976,2017-03-23-10-49-59a.m.,network,1.3516001,103.8646297,116.1,-1.0,-1.0,-1.0
2017-03-23-10-50-20a.m.,1490237420583,1490237420073,2017-03-23-10-50-20a.m.,network,1.3559052,103.855865,1600.0,-1.0,-1.0,-1.0
2017-03-23-10-50-40a.m.,1490237440277,1490237440058,2017-03-23-10-50-40a.m.,network,1.3547314,103.8562273,1500.0,-1.0,-1.0,-1.0
2017-03-23-10-51-00a.m.,1490237460267,1490237460096,2017-03-23-10-51-00a.m.,network,1.3547314,103.8562273,1500.0,-1.0,-1.0,-1.0
2017-03-23-10-51-22a.m.,1490237482989,1490237482834,2017-03-23-10-51-22a.m.,network,1.3547314,103.8562273,1500.0,-1.0,-1.0,-1.0
2017-03-23-10-51-44a.m.,1490237504286,1490237503844,2017-03-23-10-51-43a.m.,network,1.3568285,103.8482556,1299.999,-1.0,-1.0,-1.0
2017-03-23-10-52-04a.m.,1490237524729,1490237523857,2017-03-23-10-52-03a.m.,network,1.3562256,103.8511543,1399.999,-1.0,-1.0,-1.0
2017-03-23-10-52-24a.m.,1490237544847,1490237543933,2017-03-23-10-52-23a.m.,network,1.3562256,103.8511543,1399.999,-1.0,-1.0,-1.0
2017-03-23-10-52-44a.m.,1490237564159,1490237564003,2017-03-23-10-52-44a.m.,network,1.3577052,103.8486179,1000.0,-1.0,-1.0,-1.0
2017-03-23-10-53-04a.m.,1490237584872,1490237584260,2017-03-23-10-53-04a.m.,network,1.3562256,103.8511543,1399.999,-1.0,-1.0,-1.0
2017-03-23-10-53-25a.m.,1490237605684,1490237605483,2017-03-23-10-53-25a.m.,network,1.3577052,103.8486179,1000.0,-1.0,-1.0,-1.0
2017-03-23-10-53-45a.m.,1490237625976,1490237625780,2017-03-23-10-53-45a.m.,network,1.3577052,103.8486179,1000.0,-1.0,-1.0,-1.0
2017-03-23-10-54-25a.m.,1490237665963,1490237665833,2017-03-23-10-54-25a.m.,network,1.3547989,103.8446322,1200.0,-1.0,-1.0,-1.0
2017-03-23-10-54-46a.m.,1490237686004,1490237685835,2017-03-23-10-54-45a.m.,network,1.3547989,103.8446322,1200.0,-1.0,-1.0,-1.0
2017-03-23-10-55-06a.m.,1490237706109,1490237705848,2017-03-23-10-55-05a.m.,network,1.3547989,103.8446322,1200.0,-1.0,-1.0,-1.0
2017-03-23-10-55-27a.m.,1490237727099,1490237726910,2017-03-23-10-55-26a.m.,network,1.3547989,103.8446322,1200.0,-1.0,-1.0,-1.0
2017-03-23-10-55-47a.m.,1490237747439,1490237747015,2017-03-23-10-55-47a.m.,network,1.3533427,103.8431829,1100.0,-1.0,-1.0,-1.0
2017-03-23-10-56-07a.m.,1490237767186,1490237767019,2017-03-23-10-56-07a.m.,network,1.3547989,103.8446322,1200.0,-1.0,-1.0,-1.0
2017-03-23-10-56-28a.m.,1490237788589,1490237788319,2017-03-23-10-56-28a.m.,network,1.3547989,103.8446322,1200.0,-1.0,-1.0,-1.0
2017-03-23-10-56-48a.m.,1490237808385,1490237808311,2017-03-23-10-56-48a.m.,network,1.3506831,103.8471685,1500.0,-1.0,-1.0,-1.0
2017-03-23-10-57-08a.m.,1490237828424,1490237828314,2017-03-23-10-57-08a.m.,network,1.3506831,103.8471685,1500.0,-1.0,-1.0,-1.0
2017-03-23-10-57-29a.m.,1490237849761,1490237849374,2017-03-23-10-57-29a.m.,network,1.3465993,103.8442699,1200.0,-1.0,-1.0,-1.0
2017-03-23-10-57-49a.m.,1490237869641,1490237869396,2017-03-23-10-57-49a.m.,network,1.3506831,103.8471685,1500.0,-1.0,-1.0,-1.0
2017-03-23-10-58-09a.m.,1490237889616,1490237889401,2017-03-23-10-58-09a.m.,network,1.3506831,103.8471685,1500.0,-1.0,-1.0,-1.0
2017-03-23-10-58-29a.m.,1490237909655,1490237909421,2017-03-23-10-58-29a.m.,network,1.3506831,103.8471685,1500.0,-1.0,-1.0,-1.0
2017-03-23-10-58-49a.m.,1490237929711,1490237929424,2017-03-23-10-58-49a.m.,network,1.3506831,103.8471685,1500.0,-1.0,-1.0,-1.0
2017-03-23-10-59-09a.m.,1490237949513,1490237949425,2017-03-23-10-59-09a.m.,network,1.3506831,103.8471685,1500.0,-1.0,-1.0,-1.0
2017-03-23-10-59-30a.m.,1490237970550,1490237970383,2017-03-23-10-59-30a.m.,network,1.3506831,103.8471685,1500.0,-1.0,-1.0,-1.0
2017-03-23-10-59-50a.m.,1490237990453,1490237990375,2017-03-23-10-59-50a.m.,network,1.3506831,103.8471685,1500.0,-1.0,-1.0,-1.0
2017-03-23-11-00-31a.m.,1490238031067,1490238030442,2017-03-23-11-00-30a.m.,network,1.3120214,103.7978994,1600.0,-1.0,-1.0,-1.0
2017-03-23-11-00-50a.m.,1490238050601,1490238050440,2017-03-23-11-00-50a.m.,network,1.3120214,103.7978994,1600.0,-1.0,-1.0,-1.0
2017-03-23-11-01-10a.m.,1490238070620,1490238070441,2017-03-23-11-01-10a.m.,network,1.3120214,103.7978994,1600.0,-1.0,-1.0,-1.0
2017-03-23-11-01-30a.m.,1490238090642,1490238090543,2017-03-23-11-01-30a.m.,network,1.3120214,103.7978994,1600.0,-1.0,-1.0,-1.0
2017-03-23-11-01-52a.m.,1490238112208,1490238111923,2017-03-23-11-01-51a.m.,network,1.3224531,103.8167355,1299.999,-1.0,-1.0,-1.0
2017-03-23-11-02-12a.m.,1490238132048,1490238131924,2017-03-23-11-02-11a.m.,network,1.3120214,103.7978994,1600.0,-1.0,-1.0,-1.0
2017-03-23-11-02-32a.m.,1490238152265,1490238150583,2017-03-23-11-02-30a.m.,network,1.3223539,103.8149324,104.1,-1.0,-1.0,-1.0
2017-03-23-11-02-52a.m.,1490238172167,1490238171996,2017-03-23-11-02-51a.m.,network,1.3120214,103.7978994,1600.0,-1.0,-1.0,-1.0
2017-03-23-11-03-12a.m.,1490238192253,1490238192080,2017-03-23-11-03-12a.m.,network,1.3120214,103.7978994,1600.0,-1.0,-1.0,-1.0
2017-03-23-11-03-32a.m.,1490238212219,1490238212102,2017-03-23-11-03-32a.m.,network,1.3120214,103.7978994,1600.0,-1.0,-1.0,-1.0
2017-03-23-11-03-53a.m.,1490238233450,1490238233335,2017-03-23-11-03-53a.m.,network,1.3094075,103.7942774,1500.0,-1.0,-1.0,-1.0
2017-03-23-11-04-13a.m.,1490238253946,1490238250703,2017-03-23-11-04-10a.m.,network,1.3174522,103.807459,104.1,-1.0,-1.0,-1.0
2017-03-23-11-04-33a.m.,1490238273744,1490238270812,2017-03-23-11-04-30a.m.,network,1.3174522,103.807459,98.4,-1.0,-1.0,-1.0
2017-03-23-11-04-53a.m.,1490238293638,1490238290773,2017-03-23-11-04-50a.m.,network,1.3174522,103.807459,87.6,-1.0,-1.0,-1.0
2017-03-23-11-05-14a.m.,1490238314038,1490238310848,2017-03-23-11-05-10a.m.,network,1.3013239,103.8575839,56.1,-1.0,-1.0,-1.0
2017-03-23-11-05-36a.m.,1490238336267,1490238336076,2017-03-23-11-05-36a.m.,network,1.3094075,103.7942774,1500.0,-1.0,-1.0,-1.0
2017-03-23-11-05-57a.m.,1490238357221,1490238357120,2017-03-23-11-05-57a.m.,network,1.3094075,103.7942774,1500.0,-1.0,-1.0,-1.0
2017-03-23-11-06-17a.m.,1490238377857,1490238377184,2017-03-23-11-06-17a.m.,network,1.3073892,103.7888445,1200.0,-1.0,-1.0,-1.0
2017-03-23-11-06-37a.m.,1490238397514,1490238397250,2017-03-23-11-06-37a.m.,network,1.3070904,103.7899311,1200.0,-1.0,-1.0,-1.0
2017-03-23-11-06-57a.m.,1490238417518,1490238417314,2017-03-23-11-06-57a.m.,network,1.3070904,103.7899311,1200.0,-1.0,-1.0,-1.0
2017-03-23-11-07-17a.m.,1490238437755,1490238430963,2017-03-23-11-07-10a.m.,network,1.3120182,103.7961105,116.1,-1.0,-1.0,-1.0
2017-03-23-11-07-37a.m.,1490238457757,1490238450959,2017-03-23-11-07-30a.m.,network,1.3120182,103.7961105,116.1,-1.0,-1.0,-1.0
2017-03-23-11-07-57a.m.,1490238477888,1490238477416,2017-03-23-11-07-57a.m.,network,1.3073892,103.7888445,1200.0,-1.0,-1.0,-1.0
2017-03-23-11-08-17a.m.,1490238497624,1490238497448,2017-03-23-11-08-17a.m.,network,1.3070904,103.7899311,1200.0,-1.0,-1.0,-1.0
2017-03-23-11-08-38a.m.,1490238518955,1490238518692,2017-03-23-11-08-38a.m.,network,1.3044504,103.7910176,1000.0,-1.0,-1.0,-1.0
2017-03-23-11-08-58a.m.,1490238538816,1490238538695,2017-03-23-11-08-58a.m.,network,1.3044504,103.7910176,1000.0,-1.0,-1.0,-1.0
2017-03-23-11-09-19a.m.,1490238559322,1490238551161,2017-03-23-11-09-11a.m.,network,1.3065355,103.7905591,64.1,-1.0,-1.0,-1.0
2017-03-23-11-09-39a.m.,1490238579232,1490238571308,2017-03-23-11-09-31a.m.,network,1.3065118,103.7905612,20.4,-1.0,-1.0,-1.0
2017-03-23-11-10-00a.m.,1490238600379,1490238591180,2017-03-23-11-09-51a.m.,network,1.3065118,103.7905612,20.0,-1.0,-1.0,-1.0
2017-03-23-11-10-20a.m.,1490238620684,1490238611220,2017-03-23-11-10-11a.m.,network,1.3065118,103.7905612,20.4,-1.0,-1.0,-1.0
2017-03-23-11-10-40a.m.,1490238640462,1490238631397,2017-03-23-11-10-31a.m.,network,1.3065118,103.7905612,20.4,-1.0,-1.0,-1.0
2017-03-23-11-11-00a.m.,1490238660658,1490238660429,2017-03-23-11-11-00a.m.,network,1.3044504,103.7910176,1000.0,-1.0,-1.0,-1.0
2017-03-23-11-11-20a.m.,1490238680897,1490238680769,2017-03-23-11-11-20a.m.,network,1.3076819,103.7888445,899.999,-1.0,-1.0,-1.0
2017-03-23-11-11-41a.m.,1490238701188,1490238691355,2017-03-23-11-11-31a.m.,network,1.2998944,103.7876864,135.6,-1.0,-1.0,-1.0
2017-03-23-11-12-01a.m.,1490238721422,1490238716221,2017-03-23-11-11-56a.m.,network,1.2998944,103.7876864,77.6,-1.0,-1.0,-1.0
2017-03-23-11-12-21a.m.,1490238741570,1490238741368,2017-03-23-11-12-21a.m.,network,1.2998944,103.7876864,64.1,-1.0,-1.0,-1.0
2017-03-23-11-12-41a.m.,1490238761598,1490238751370,2017-03-23-11-12-31a.m.,network,1.2998944,103.7876864,72.9,-1.0,-1.0,-1.0
2017-03-23-11-13-01a.m.,1490238781876,1490238781489,2017-03-23-11-13-01a.m.,network,1.2965736,103.7866714,1500.0,-1.0,-1.0,-1.0
2017-03-23-11-13-21a.m.,1490238801631,1490238801484,2017-03-23-11-13-21a.m.,network,1.2965736,103.7866714,1500.0,-1.0,-1.0,-1.0
2017-03-23-11-13-41a.m.,1490238821992,1490238821420,2017-03-23-11-13-41a.m.,network,1.293905,103.7846481,82.5,-1.0,-1.0,-1.0
2017-03-23-11-14-01a.m.,1490238841748,1490238841587,2017-03-23-11-14-01a.m.,network,1.293905,103.7846481,68.4,-1.0,-1.0,-1.0
2017-03-23-11-14-41a.m.,1490238881773,1490238881625,2017-03-23-11-14-41a.m.,network,1.293905,103.7846481,64.1,-1.0,-1.0,-1.0
2017-03-23-11-15-01a.m.,1490238901890,1490238901624,2017-03-23-11-15-01a.m.,network,1.2937708,103.7842721,50.0,-1.0,-1.0,-1.0
2017-03-23-11-15-21a.m.,1490238921889,1490238921665,2017-03-23-11-15-21a.m.,network,1.2939156,103.7845437,23.351,-1.0,-1.0,-1.0
2017-03-23-11-15-41a.m.,1490238941965,1490238941680,2017-03-23-11-15-41a.m.,network,1.2939156,103.7845437,23.356,-1.0,-1.0,-1.0
2017-03-23-11-16-02a.m.,1490238962373,1490238961740,2017-03-23-11-16-01a.m.,network,1.2945749,103.7843626,30.69,-1.0,-1.0,-1.0
2017-03-23-11-16-09a.m.,1490238969576,1490238798000,2017-03-23-11-13-18a.m.,gps,1.2943206058847516,103.78460850230265,24.0,23.65044174930049,269.01715,0.0
2017-03-23-11-16-22a.m.,1490238982204,1490238981767,2017-03-23-11-16-21a.m.,network,1.2947212,103.7843626,26.526,-1.0,-1.0,-1.0
2017-03-23-11-16-42a.m.,1490239002220,1490239001795,2017-03-23-11-16-41a.m.,network,1.2944414,103.7843686,104.1,-1.0,-1.0,-1.0
2017-03-23-11-17-02a.m.,1490239022254,1490239011746,2017-03-23-11-16-51a.m.,network,1.2943588,103.7842187,135.6,-1.0,-1.0,-1.0
2017-03-23-11-17-23a.m.,1490239043696,1490239042077,2017-03-23-11-17-22a.m.,network,1.2951147,103.7859471,600.0,-1.0,-1.0,-1.0
2017-03-23-11-17-30a.m.,1490239050527,1490238879000,2017-03-23-11-14-39a.m.,gps,1.2947642985423318,103.78471642114111,32.0,5.6333801864447715,100.53431,0.041761354
2017-03-23-11-17-40a.m.,1490239060560,1490238889000,2017-03-23-11-14-49a.m.,gps,1.2949125523497365,103.78459069385251,12.0,6.33034487434381,226.99562,0.476004
2017-03-23-11-17-50a.m.,1490239070637,1490238899000,2017-03-23-11-14-59a.m.,gps,1.2948550760342512,103.78445328519388,32.0,9.83875887416666,261.45636,0.7200211
2017-03-23-11-18-02a.m.,1490239082538,1490238911000,2017-03-23-11-15-11a.m.,gps,1.2948390783072643,103.78442144141648,48.0,15.901781035463124,261.45636,0.0
2017-03-23-11-18-12a.m.,1490239092585,1490238921000,2017-03-23-11-15-21a.m.,gps,1.2948112293208898,103.78442257013775,48.0,19.504285105953823,261.45636,0.34197685
2017-03-23-11-18-22a.m.,1490239102551,1490238931000,2017-03-23-11-15-31a.m.,gps,1.2948111246858893,103.78442266905458,12.0,20.23686261907568,261.45636,0.0
2017-03-23-11-18-32a.m.,1490239112532,1490238941000,2017-03-23-11-15-41a.m.,gps,1.294812516007891,103.78447459595647,24.0,20.845005693017033,261.45636,0.0
2017-03-23-11-18-42a.m.,1490239122538,1490238951000,2017-03-23-11-15-51a.m.,gps,1.294799507706552,103.78453752197943,24.0,21.59757816231801,261.45636,0.0
2017-03-23-11-18-52a.m.,1490239132604,1490238961000,2017-03-23-11-16-01a.m.,gps,1.2947995077065098,103.78453752197947,16.0,22.112955005186887,261.45636,0.0
2017-03-23-11-19-02a.m.,1490239142548,1490238971000,2017-03-23-11-16-11a.m.,gps,1.2947995077065098,103.78453752197947,16.0,22.77523324727865,261.45636,0.0
2017-03-23-11-19-12a.m.,1490239152541,1490238981000,2017-03-23-11-16-21a.m.,gps,1.2947995077065098,103.78453752197947,12.0,23.419905918295246,261.45636,0.0
2017-03-23-11-19-22a.m.,1490239162546,1490238991000,2017-03-23-11-16-31a.m.,gps,1.2948037394931684,103.78454069012425,16.0,25.93120914453347,261.45636,0.0
2017-03-23-11-19-32a.m.,1490239172542,1490239001000,2017-03-23-11-16-41a.m.,gps,1.2947973243189708,103.78454010858123,24.0,27.51081423086677,261.45636,0.0033234209
2017-03-23-11-19-42a.m.,1490239182553,1490239011000,2017-03-23-11-16-51a.m.,gps,1.294797324000707,103.78454010805784,16.0,28.136714099961388,261.45636,0.0
2017-03-23-11-19-52a.m.,1490239192554,1490239021000,2017-03-23-11-17-01a.m.,gps,1.294797324000707,103.78454010805784,32.0,28.541879263336323,261.45636,0.0
2017-03-23-11-20-02a.m.,1490239202536,1490239031000,2017-03-23-11-17-11a.m.,gps,1.2947973714895895,103.78454008699467,32.0,30.30709342714701,261.45636,0.0
2017-03-23-11-20-12a.m.,1490239212613,1490239041000,2017-03-23-11-17-21a.m.,gps,1.2947973714895895,103.78454008699467,32.0,32.10379656900557,261.45636,0.0
2017-03-23-11-20-22a.m.,1490239222532,1490239051000,2017-03-23-11-17-31a.m.,gps,1.2947973714895895,103.78454008699467,24.0,33.60728620807369,261.45636,0.0
2017-03-23-11-20-32a.m.,1490239232553,1490239061000,2017-03-23-11-17-41a.m.,gps,1.294793869047922,103.78453484324442,32.0,34.695242600288225,261.45636,0.0
2017-03-23-11-20-42a.m.,1490239242565,1490239071000,2017-03-23-11-17-51a.m.,gps,1.2947938690478915,103.78453484324437,32.0,34.92502432140405,261.45636,0.0
2017-03-23-11-20-52a.m.,1490239252555,1490239081000,2017-03-23-11-18-01a.m.,gps,1.2947938690478915,103.78453484324437,16.0,35.060948061968034,261.45636,0.0
2017-03-23-11-21-02a.m.,1490239262549,1490239091000,2017-03-23-11-18-11a.m.,gps,1.2947938690478915,103.78453484324437,12.0,35.51260848630223,261.45636,0.0
2017-03-23-11-21-12a.m.,1490239272573,1490239101000,2017-03-23-11-18-21a.m.,gps,1.2947938690478915,103.78453484324437,16.0,35.81391845125326,261.45636,0.0
2017-03-23-11-21-22a.m.,1490239282569,1490239111000,2017-03-23-11-18-31a.m.,gps,1.2947938690478915,103.78453484324437,12.0,36.186170056633365,261.45636,0.0
2017-03-23-11-21-32a.m.,1490239292541,1490239121000,2017-03-23-11-18-41a.m.,gps,1.2947938690478915,103.78453484324437,32.0,36.407856155219505,261.45636,0.26320696
2017-03-23-11-21-42a.m.,1490239302550,1490239131000,2017-03-23-11-18-51a.m.,gps,1.2947938690478915,103.78453484324437,24.0,37.46859579451197,261.45636,0.0035340786
2017-03-23-11-21-52a.m.,1490239312539,1490239141000,2017-03-23-11-19-01a.m.,gps,1.294793777204043,103.78453352656045,12.0,37.89540669639267,261.45636,0.0
2017-03-23-11-22-02a.m.,1490239322540,1490239151000,2017-03-23-11-19-11a.m.,gps,1.2947937771995346,103.78453352650074,16.0,38.05970546507086,261.45636,0.0
2017-03-23-11-22-12a.m.,1490239332733,1490239161000,2017-03-23-11-19-21a.m.,gps,1.2947937771995346,103.78453352650074,32.0,38.102346413877434,261.45636,0.0
2017-03-23-11-22-22a.m.,1490239342539,1490239171000,2017-03-23-11-19-31a.m.,gps,1.29478911458495,103.784527913695,24.0,38.49002841687383,261.45636,0.0
2017-03-23-11-22-32a.m.,1490239352542,1490239181000,2017-03-23-11-19-41a.m.,gps,1.29478911458495,103.784527913695,16.0,38.68142770386372,261.45636,0.004507728
2017-03-23-11-22-42a.m.,1490239362541,1490239191000,2017-03-23-11-19-51a.m.,gps,1.2947886580864254,103.78452653687003,32.0,38.67857362924922,261.45636,0.0
2017-03-23-11-22-52a.m.,1490239372548,1490239201000,2017-03-23-11-20-01a.m.,gps,1.2947893121919891,103.78452747555714,48.0,37.88038993925469,261.45636,0.0
2017-03-23-11-23-02a.m.,1490239382527,1490239211000,2017-03-23-11-20-11a.m.,gps,1.2947440464199909,103.78441182786993,24.0,38.226327865958936,261.45636,0.0
2017-03-23-11-23-12a.m.,1490239392592,1490239221000,2017-03-23-11-20-21a.m.,gps,1.2947377919565843,103.78431058515814,16.0,37.9730898586696,261.45636,0.0
2017-03-23-11-23-22a.m.,1490239402529,1490239231000,2017-03-23-11-20-31a.m.,gps,1.294727058918169,103.78420592344636,16.0,32.85779313743533,254.82614,1.0317212
2017-03-23-11-23-32a.m.,1490239412533,1490239241000,2017-03-23-11-20-41a.m.,gps,1.2947256741066877,103.78420425272506,32.0,31.317708833587098,254.82614,0.6026882
2017-03-23-11-23-42a.m.,1490239422540,1490239251000,2017-03-23-11-20-51a.m.,gps,1.2947356544086748,103.78418851675163,24.0,30.168823465977923,258.72244,0.030334154
2017-03-23-11-23-52a.m.,1490239432536,1490239261000,2017-03-23-11-21-01a.m.,gps,1.2947468043889987,103.78419861038904,16.0,30.105814249122787,258.72244,0.005262359
2017-03-23-11-24-02a.m.,1490239442534,1490239271000,2017-03-23-11-21-11a.m.,gps,1.2947524851442682,103.78422133556799,32.0,30.431890522604927,258.72244,0.0
2017-03-23-11-24-12a.m.,1490239452536,1490239281000,2017-03-23-11-21-21a.m.,gps,1.2947618718526397,103.78424562008668,12.0,30.538327672778717,258.72244,0.0
2017-03-23-11-24-22a.m.,1490239462525,1490239291000,2017-03-23-11-21-31a.m.,gps,1.294772749201784,103.78428607510926,24.0,31.424041572455646,258.20776,1.0388498
2017-03-23-11-24-32a.m.,1490239472528,1490239301000,2017-03-23-11-21-41a.m.,gps,1.2947595207177771,103.78432001907751,24.0,32.73500766738776,137.0688,0.023690928
2017-03-23-11-24-42a.m.,1490239482537,1490239311000,2017-03-23-11-21-51a.m.,gps,1.2947990520480175,103.78440164443703,24.0,34.38165439631453,188.75288,0.32842657
2017-03-23-11-24-52a.m.,1490239492637,1490239321000,2017-03-23-11-22-01a.m.,gps,1.2948064620182882,103.78440038303779,16.0,35.28734344931081,188.75288,0.009103037
2017-03-23-11-25-02a.m.,1490239502548,1490239331000,2017-03-23-11-22-11a.m.,gps,1.2948245191299013,103.78442935532253,24.0,36.163594945536644,135.84222,0.65369546
2017-03-23-11-25-12a.m.,1490239512538,1490239341000,2017-03-23-11-22-21a.m.,gps,1.2946672636794847,103.78457515561243,16.0,38.088325133974685,167.29337,2.6357913
2017-03-23-11-25-22a.m.,1490239522549,1490239351000,2017-03-23-11-22-31a.m.,gps,1.294138988335142,103.7848634301875,12.0,40.09906426442957,168.26382,5.411031
2017-03-23-11-25-28a.m.,1490239528920,1490239522430,2017-03-23-11-25-22a.m.,network,1.294135,103.7845437,26.249,-1.0,-1.0,-1.0
2017-03-23-11-25-42a.m.,1490239542538,1490239371000,2017-03-23-11-22-51a.m.,gps,1.2939128411837832,103.78495794051842,12.0,38.14329728390627,173.90674,0.0
2017-03-23-11-25-48a.m.,1490239548838,1490239542499,2017-03-23-11-25-42a.m.,network,1.2938808,103.7848879,122.4,-1.0,-1.0,-1.0
2017-03-23-11-26-02a.m.,1490239562550,1490239391000,2017-03-23-11-23-11a.m.,gps,1.2939128411837832,103.78495794051842,16.0,37.982141750394845,173.90674,0.0
2017-03-23-11-26-09a.m.,1490239569115,1490239562500,2017-03-23-11-26-02a.m.,network,1.2938808,103.7848879,122.4,-1.0,-1.0,-1.0
2017-03-23-11-26-22a.m.,1490239582545,1490239411000,2017-03-23-11-23-31a.m.,gps,1.2931027514210423,103.78516724579437,8.0,39.062767127767906,212.15233,6.3954268
2017-03-23-11-26-29a.m.,1490239589451,1490239588853,2017-03-23-11-26-28a.m.,network,1.292762,103.7881202,500.0,-1.0,-1.0,-1.0
2017-03-23-11-26-42a.m.,1490239602548,1490239431000,2017-03-23-11-23-51a.m.,gps,1.2919440114282228,103.78399502060475,16.0,54.86763904275071,224.75818,8.25577
2017-03-23-11-26-48a.m.,1490239608932,1490239608845,2017-03-23-11-26-48a.m.,network,1.2924834,103.7855849,699.999,-1.0,-1.0,-1.0
2017-03-23-11-27-02a.m.,1490239622573,1490239451000,2017-03-23-11-24-11a.m.,gps,1.2918463270856788,103.78318405558028,12.0,58.99163369197333,295.75412,4.1048875
2017-03-23-11-27-09a.m.,1490239629654,1490239622634,2017-03-23-11-27-02a.m.,network,1.2918387,103.7831403,23.183,-1.0,-1.0,-1.0
2017-03-23-11-27-22a.m.,1490239642533,1490239471000,2017-03-23-11-24-31a.m.,gps,1.2914257191399447,103.78212607040243,16.0,60.066862062096924,245.34274,7.541258
2017-03-23-11-27-30a.m.,1490239650243,1490239638933,2017-03-23-11-27-18a.m.,network,1.2914397,103.7825518,22.111,-1.0,-1.0,-1.0
2017-03-23-11-27-42a.m.,1490239662533,1490239491000,2017-03-23-11-24-51a.m.,gps,1.2910422152546386,103.78127872073705,12.0,51.05622860375497,242.8741,0.0
2017-03-23-11-27-52a.m.,1490239672051,1490239662633,2017-03-23-11-27-42a.m.,network,1.291081,103.7812842,22.109,-1.0,-1.0,-1.0
2017-03-23-11-28-02a.m.,1490239682533,1490239511000,2017-03-23-11-25-11a.m.,gps,1.2910317516008567,103.78121988846961,12.0,51.5523968126865,269.1514,0.0
2017-03-23-11-28-12a.m.,1490239692575,1490239521000,2017-03-23-11-25-21a.m.,gps,1.291137029922401,103.78092208036041,12.0,65.96431454004987,295.0975,6.2197633
2017-03-23-11-28-19a.m.,1490239699208,1490239692804,2017-03-23-11-28-12a.m.,network,1.2910093,103.7810126,22.093,-1.0,-1.0,-1.0
2017-03-23-11-28-32a.m.,1490239712541,1490239541000,2017-03-23-11-25-41a.m.,gps,1.2916318228707209,103.78040803685218,16.0,64.1400508487505,332.054,2.8936863
2017-03-23-11-28-42a.m.,1490239722068,1490239712836,2017-03-23-11-28-32a.m.,network,1.2916716,103.7802883,23.999,-1.0,-1.0,-1.0
2017-03-23-11-28-52a.m.,1490239732525,1490239561000,2017-03-23-11-26-01a.m.,gps,1.292477008789,103.77954418954445,12.0,39.48137730728099,304.9093,9.835126
2017-03-23-11-29-02a.m.,1490239742536,1490239571000,2017-03-23-11-26-11a.m.,gps,1.2929281270540227,103.77864301593564,16.0,38.139292406935986,275.96457,11.684529
2017-03-23-11-29-12a.m.,1490239752529,1490239581000,2017-03-23-11-26-21a.m.,gps,1.2932704219996995,103.77762873830874,16.0,36.55763488622448,303.29395,11.4159775
2017-03-23-11-29-22a.m.,1490239762529,1490239591000,2017-03-23-11-26-31a.m.,gps,1.2937213288815164,103.77690878002394,16.0,37.4867434958093,302.96063,3.973813
2017-03-23-11-29-32a.m.,1490239772531,1490239601000,2017-03-23-11-26-41a.m.,gps,1.2937168474356877,103.77622512258965,12.0,38.92887360825495,268.37344,6.2078195
2017-03-23-11-29-42a.m.,1490239782528,1490239611000,2017-03-23-11-26-51a.m.,gps,1.2937228969005055,103.77568656455169,12.0,33.760434738449575,268.89957,5.3383574
2017-03-23-11-29-52a.m.,1490239792550,1490239621000,2017-03-23-11-27-01a.m.,gps,1.2937146458528914,103.77554579634459,12.0,33.30589865673822,265.3031,0.0
2017-03-23-11-30-02a.m.,1490239802548,1490239631000,2017-03-23-11-27-11a.m.,gps,1.2937131357629186,103.77540489381863,6.0,34.37015913017866,284.98203,0.0
2017-03-23-11-30-12a.m.,1490239812547,1490239641000,2017-03-23-11-27-21a.m.,gps,1.2938229649250654,103.77529096838406,6.0,34.598153782385324,347.72934,0.0
2017-03-23-11-30-22a.m.,1490239822547,1490239651000,2017-03-23-11-27-31a.m.,gps,1.2938229649250654,103.77529096838406,8.0,32.920018761924766,347.72934,0.0
2017-03-23-11-30-32a.m.,1490239832548,1490239661000,2017-03-23-11-27-41a.m.,gps,1.293969277943753,103.77517301855893,6.0,31.65738346563667,294.9106,1.927054
2017-03-23-11-30-42a.m.,1490239842722,1490239671000,2017-03-23-11-27-51a.m.,gps,1.2940842104327142,103.77511695201015,8.0,30.43394683315063,350.01993,1.2540809
2017-03-23-11-30-52a.m.,1490239852547,1490239681000,2017-03-23-11-28-01a.m.,gps,1.2941861528659233,103.77507868883436,6.0,29.426851673978813,342.18668,0.0
2017-03-23-11-31-02a.m.,1490239862543,1490239691000,2017-03-23-11-28-11a.m.,gps,1.2942960256628449,103.77503819948734,8.0,28.96547703297395,6.843457,0.0
2017-03-23-11-31-12a.m.,1490239872688,1490239701000,2017-03-23-11-28-21a.m.,gps,1.2943769083462102,103.77496273234281,12.0,29.005938519754864,318.44867,0.0
2017-03-23-11-31-23a.m.,1490239883543,1490239712000,2017-03-23-11-28-32a.m.,gps,1.294437496875901,103.77492676456994,8.0,29.273291714706165,331.74747,0.0
2017-03-23-11-31-33a.m.,1490239893723,1490239722000,2017-03-23-11-28-42a.m.,gps,1.2946258472551309,103.77487290619709,8.0,29.0220603345955,326.76364,1.7599081
2017-03-23-11-31-43a.m.,1490239903531,1490239732000,2017-03-23-11-28-52a.m.,gps,1.2947295331637918,103.77489304902704,8.0,28.60408845042539,4.568811,0.0
2017-03-23-11-31-53a.m.,1490239913540,1490239742000,2017-03-23-11-29-02a.m.,gps,1.2947631959387977,103.7748961520353,16.0,29.036628262310145,12.602106,0.0
2017-03-23-11-32-03a.m.,1490239923668,1490239752000,2017-03-23-11-29-12a.m.,gps,1.2947626110446953,103.7746468006022,8.0,28.337781268812957,270.18036,1.4814414
2017-03-23-11-32-13a.m.,1490239933565,1490239762000,2017-03-23-11-29-22a.m.,gps,1.2947226151574307,103.77453588657607,8.0,27.191727121379216,268.9744,0.0
2017-03-23-11-32-23a.m.,1490239943546,1490239772000,2017-03-23-11-29-32a.m.,gps,1.2947155804573163,103.77448359284921,6.0,27.315401564706946,253.24588,0.0
2017-03-23-11-32-33a.m.,1490239953574,1490239782000,2017-03-23-11-29-42a.m.,gps,1.2947155804573163,103.77448359284921,6.0,28.31901118561006,253.24588,0.0
2017-03-23-11-32-43a.m.,1490239963567,1490239792000,2017-03-23-11-29-52a.m.,gps,1.2947155804573163,103.77448359284921,6.0,29.840220120958623,253.24588,0.0
2017-03-23-11-32-53a.m.,1490239973597,1490239802000,2017-03-23-11-30-02a.m.,gps,1.2947155804573163,103.77448359284921,6.0,30.617145550942826,253.24588,0.0
2017-03-23-11-33-03a.m.,1490239983549,1490239812000,2017-03-23-11-30-12a.m.,gps,1.2947396572552452,103.77430153627523,6.0,31.40041618531593,315.66095,1.3601956
2017-03-23-11-33-13a.m.,1490239993635,1490239822000,2017-03-23-11-30-22a.m.,gps,1.2948202389250694,103.7742162239263,8.0,31.39122551483146,319.87296,1.5751042
2017-03-23-11-33-23a.m.,1490240003555,1490239832000,2017-03-23-11-30-32a.m.,gps,1.294890724846843,103.77413944989085,16.0,31.27796775785819,325.45697,0.86459285
2017-03-23-11-33-33a.m.,1490240013533,1490239842000,2017-03-23-11-30-42a.m.,gps,1.294921370091075,103.77410913300609,16.0,31.591084172657133,310.1777,0.0
2017-03-23-11-33-43a.m.,1490240023863,1490240013440,2017-03-23-11-33-33a.m.,network,1.295071,103.7740412,22.122,-1.0,-1.0,-1.0
2017-03-23-11-34-06a.m.,1490240046820,1490240043763,2017-03-23-11-34-03a.m.,network,1.2951083,103.7739054,23.185,-1.0,-1.0,-1.0
2017-03-23-11-34-26a.m.,1490240066720,1490240063773,2017-03-23-11-34-23a.m.,network,1.2949988,103.7738601,22.116,-1.0,-1.0,-1.0
2017-03-23-11-34-48a.m.,1490240088120,1490240087999,2017-03-23-11-34-47a.m.,network,1.2949988,103.7738601,22.122,-1.0,-1.0,-1.0
2017-03-23-11-35-08a.m.,1490240108174,1490240103905,2017-03-23-11-35-03a.m.,network,1.2949988,103.7738601,22.126,-1.0,-1.0,-1.0
2017-03-23-11-35-28a.m.,1490240128708,1490240123967,2017-03-23-11-35-23a.m.,network,1.2949988,103.7738601,22.122,-1.0,-1.0,-1.0
2017-03-23-11-35-49a.m.,1490240149125,1490240143933,2017-03-23-11-35-43a.m.,network,1.295072,103.7738601,23.376,-1.0,-1.0,-1.0
2017-03-23-11-36-09a.m.,1490240169301,1490240163967,2017-03-23-11-36-03a.m.,network,1.2949988,103.7738601,22.119,-1.0,-1.0,-1.0
2017-03-23-11-36-29a.m.,1490240189428,1490240184085,2017-03-23-11-36-24a.m.,network,1.2949988,103.7738601,22.1,-1.0,-1.0,-1.0
2017-03-23-11-36-49a.m.,1490240209490,1490240204090,2017-03-23-11-36-44a.m.,network,1.2949988,103.7738601,22.117,-1.0,-1.0,-1.0
2017-03-23-11-37-09a.m.,1490240229932,1490240224098,2017-03-23-11-37-04a.m.,network,1.295072,103.7738601,23.379,-1.0,-1.0,-1.0
2017-03-23-11-37-29a.m.,1490240249774,1490240244052,2017-03-23-11-37-24a.m.,network,1.295072,103.7738601,23.376,-1.0,-1.0,-1.0
2017-03-23-11-37-49a.m.,1490240269809,1490240264206,2017-03-23-11-37-44a.m.,network,1.2949988,103.7738601,22.109,-1.0,-1.0,-1.0
2017-03-23-11-38-09a.m.,1490240289877,1490240284257,2017-03-23-11-38-04a.m.,network,1.2949988,103.7738601,22.098,-1.0,-1.0,-1.0
2017-03-23-11-38-29a.m.,1490240309802,1490240304231,2017-03-23-11-38-24a.m.,network,1.2949988,103.7738601,22.101,-1.0,-1.0,-1.0
2017-03-23-11-38-50a.m.,1490240330849,1490240324313,2017-03-23-11-38-44a.m.,network,1.2949988,103.7738601,22.122,-1.0,-1.0,-1.0
2017-03-23-11-39-10a.m.,1490240350922,1490240344364,2017-03-23-11-39-04a.m.,network,1.2949988,103.7738601,22.125,-1.0,-1.0,-1.0
2017-03-23-11-39-30a.m.,1490240370905,1490240364458,2017-03-23-11-39-24a.m.,network,1.2949988,103.7738601,22.116,-1.0,-1.0,-1.0
2017-03-23-11-39-52a.m.,1490240392411,1490240384489,2017-03-23-11-39-44a.m.,network,1.2949988,103.7738601,22.105,-1.0,-1.0,-1.0
2017-03-23-11-40-12a.m.,1490240412439,1490240404514,2017-03-23-11-40-04a.m.,network,1.2949988,103.7738601,22.103,-1.0,-1.0,-1.0
2017-03-23-11-40-32a.m.,1490240432494,1490240424540,2017-03-23-11-40-24a.m.,network,1.2949988,103.7738601,22.113,-1.0,-1.0,-1.0
2017-03-23-11-40-52a.m.,1490240452474,1490240444593,2017-03-23-11-40-44a.m.,network,1.294962,103.7739054,23.187,-1.0,-1.0,-1.0
2017-03-23-11-41-12a.m.,1490240472520,1490240464695,2017-03-23-11-41-04a.m.,network,1.2949988,103.7738601,22.099,-1.0,-1.0,-1.0
2017-03-23-11-41-33a.m.,1490240493986,1490240484684,2017-03-23-11-41-24a.m.,network,1.2949988,103.7738601,22.123,-1.0,-1.0,-1.0
2017-03-23-11-41-54a.m.,1490240514903,1490240514750,2017-03-23-11-41-54a.m.,network,1.2949988,103.7738601,22.113,-1.0,-1.0,-1.0
2017-03-23-11-42-15a.m.,1490240535009,1490240534778,2017-03-23-11-42-14a.m.,network,1.2949988,103.7738601,22.111,-1.0,-1.0,-1.0
2017-03-23-11-42-35a.m.,1490240555054,1490240551302,2017-03-23-11-42-31a.m.,network,1.2949988,103.7738601,22.113,-1.0,-1.0,-1.0
2017-03-23-11-42-55a.m.,1490240575141,1490240574886,2017-03-23-11-42-54a.m.,network,1.2949988,103.7738601,22.109,-1.0,-1.0,-1.0
2017-03-23-11-43-15a.m.,1490240595121,1490240594912,2017-03-23-11-43-14a.m.,network,1.2949988,103.7738601,22.115,-1.0,-1.0,-1.0
2017-03-23-11-43-35a.m.,1490240615096,1490240604921,2017-03-23-11-43-24a.m.,network,1.2949988,103.7738601,22.116,-1.0,-1.0,-1.0
2017-03-23-11-43-55a.m.,1490240635151,1490240625036,2017-03-23-11-43-45a.m.,network,1.2949988,103.7738601,22.104,-1.0,-1.0,-1.0
2017-03-23-11-44-15a.m.,1490240655160,1490240645050,2017-03-23-11-44-05a.m.,network,1.2949988,103.7738601,22.105,-1.0,-1.0,-1.0
2017-03-23-11-44-35a.m.,1490240675182,1490240665115,2017-03-23-11-44-25a.m.,network,1.294962,103.7739054,21.955,-1.0,-1.0,-1.0
2017-03-23-11-44-55a.m.,1490240695181,1490240685108,2017-03-23-11-44-45a.m.,network,1.295072,103.7738601,23.377,-1.0,-1.0,-1.0
2017-03-23-11-45-15a.m.,1490240715417,1490240715247,2017-03-23-11-45-15a.m.,network,1.2949988,103.7738601,22.111,-1.0,-1.0,-1.0
2017-03-23-11-45-35a.m.,1490240735549,1490240735222,2017-03-23-11-45-35a.m.,network,1.2949988,103.7738601,22.104,-1.0,-1.0,-1.0
2017-03-23-11-45-55a.m.,1490240755658,1490240755453,2017-03-23-11-45-55a.m.,network,1.2949988,103.7738601,22.121,-1.0,-1.0,-1.0
2017-03-23-11-46-15a.m.,1490240775685,1490240775335,2017-03-23-11-46-15a.m.,network,1.2949988,103.7738601,22.121,-1.0,-1.0,-1.0
2017-03-23-11-46-35a.m.,1490240795662,1490240795367,2017-03-23-11-46-35a.m.,network,1.2949988,103.7738601,22.117,-1.0,-1.0,-1.0
2017-03-23-11-46-55a.m.,1490240815665,1490240815485,2017-03-23-11-46-55a.m.,network,1.2949988,103.7738601,22.113,-1.0,-1.0,-1.0
2017-03-23-11-47-15a.m.,1490240835967,1490240835487,2017-03-23-11-47-15a.m.,network,1.2949988,103.7738601,22.112,-1.0,-1.0,-1.0
2017-03-23-11-47-35a.m.,1490240855842,1490240855523,2017-03-23-11-47-35a.m.,network,1.2949988,103.7738601,22.123,-1.0,-1.0,-1.0
2017-03-23-11-47-55a.m.,1490240875901,1490240875585,2017-03-23-11-47-55a.m.,network,1.2949988,103.7738601,22.125,-1.0,-1.0,-1.0
2017-03-23-11-48-15a.m.,1490240895895,1490240895656,2017-03-23-11-48-15a.m.,network,1.2949988,103.7738601,22.112,-1.0,-1.0,-1.0
2017-03-23-11-48-38a.m.,1490240918698,1490240915633,2017-03-23-11-48-35a.m.,network,1.2949988,103.7738601,22.122,-1.0,-1.0,-1.0
2017-03-23-11-48-58a.m.,1490240938567,1490240935682,2017-03-23-11-48-55a.m.,network,1.2949988,103.7738601,22.124,-1.0,-1.0,-1.0
2017-03-23-11-49-18a.m.,1490240958569,1490240955724,2017-03-23-11-49-15a.m.,network,1.2949988,103.7738601,22.122,-1.0,-1.0,-1.0
2017-03-23-11-49-38a.m.,1490240978544,1490240975741,2017-03-23-11-49-35a.m.,network,1.2949988,103.7738601,22.114,-1.0,-1.0,-1.0
2017-03-23-11-50-00a.m.,1490241000414,1490240995754,2017-03-23-11-49-55a.m.,network,1.2949988,103.7738601,22.112,-1.0,-1.0,-1.0
2017-03-23-11-50-20a.m.,1490241020293,1490241015867,2017-03-23-11-50-15a.m.,network,1.2949988,103.7738601,22.114,-1.0,-1.0,-1.0
2017-03-23-11-50-40a.m.,1490241040422,1490241035876,2017-03-23-11-50-35a.m.,network,1.2949988,103.7738601,22.112,-1.0,-1.0,-1.0
2017-03-23-11-51-00a.m.,1490241060630,1490241055922,2017-03-23-11-50-55a.m.,network,1.2949988,103.7738601,22.117,-1.0,-1.0,-1.0
2017-03-23-11-51-20a.m.,1490241080587,1490241076002,2017-03-23-11-51-16a.m.,network,1.295072,103.7738601,23.375,-1.0,-1.0,-1.0
2017-03-23-11-51-40a.m.,1490241100571,1490241096078,2017-03-23-11-51-36a.m.,network,1.294962,103.7739054,23.184,-1.0,-1.0,-1.0
2017-03-23-11-52-00a.m.,1490241120627,1490241116044,2017-03-23-11-51-56a.m.,network,1.2949988,103.7738601,22.115,-1.0,-1.0,-1.0
2017-03-23-11-52-20a.m.,1490241140965,1490241136093,2017-03-23-11-52-16a.m.,network,1.2949988,103.7738601,22.113,-1.0,-1.0,-1.0
2017-03-23-11-52-40a.m.,1490241160715,1490241156123,2017-03-23-11-52-36a.m.,network,1.2949988,103.7738601,22.121,-1.0,-1.0,-1.0
2017-03-23-11-53-00a.m.,1490241180884,1490241176209,2017-03-23-11-52-56a.m.,network,1.294962,103.7739054,21.956,-1.0,-1.0,-1.0
2017-03-23-11-53-20a.m.,1490241200824,1490241196249,2017-03-23-11-53-16a.m.,network,1.2949988,103.7738601,22.111,-1.0,-1.0,-1.0
2017-03-23-11-53-40a.m.,1490241220828,1490241216299,2017-03-23-11-53-36a.m.,network,1.2949988,103.7738601,22.108,-1.0,-1.0,-1.0
2017-03-23-11-54-00a.m.,1490241240866,1490241236367,2017-03-23-11-53-56a.m.,network,1.2949988,103.7738601,22.109,-1.0,-1.0,-1.0
2017-03-23-11-54-21a.m.,1490241261026,1490241256396,2017-03-23-11-54-16a.m.,network,1.2949988,103.7738601,22.104,-1.0,-1.0,-1.0
2017-03-23-11-54-41a.m.,1490241281004,1490241276400,2017-03-23-11-54-36a.m.,network,1.2949988,103.7738601,22.11,-1.0,-1.0,-1.0
2017-03-23-11-55-01a.m.,1490241301070,1490241296475,2017-03-23-11-54-56a.m.,network,1.2949988,103.7738601,22.109,-1.0,-1.0,-1.0
2017-03-23-11-55-21a.m.,1490241321189,1490241316457,2017-03-23-11-55-16a.m.,network,1.2949988,103.7738601,22.11,-1.0,-1.0,-1.0
2017-03-23-11-55-41a.m.,1490241341179,1490241336499,2017-03-23-11-55-36a.m.,network,1.2949988,103.7738601,22.108,-1.0,-1.0,-1.0
2017-03-23-11-56-01a.m.,1490241361173,1490241356500,2017-03-23-11-55-56a.m.,network,1.2949988,103.7738601,22.098,-1.0,-1.0,-1.0
2017-03-23-11-56-21a.m.,1490241381638,1490241376593,2017-03-23-11-56-16a.m.,network,1.2949988,103.7738601,22.113,-1.0,-1.0,-1.0
2017-03-23-11-56-41a.m.,1490241401597,1490241396555,2017-03-23-11-56-36a.m.,network,1.2949988,103.7738601,22.111,-1.0,-1.0,-1.0
2017-03-23-11-57-01a.m.,1490241421655,1490241416677,2017-03-23-11-56-56a.m.,network,1.2949988,103.7738601,22.091,-1.0,-1.0,-1.0
2017-03-23-11-57-21a.m.,1490241441704,1490241436727,2017-03-23-11-57-16a.m.,network,1.2949988,103.7738601,22.111,-1.0,-1.0,-1.0
2017-03-23-11-57-44a.m.,1490241464309,1490241456749,2017-03-23-11-57-36a.m.,network,1.2949988,103.7738601,22.12,-1.0,-1.0,-1.0
2017-03-23-11-58-04a.m.,1490241484626,1490241476785,2017-03-23-11-57-56a.m.,network,1.294962,103.7739054,21.955,-1.0,-1.0,-1.0
2017-03-23-11-58-24a.m.,1490241504474,1490241496803,2017-03-23-11-58-16a.m.,network,1.2949988,103.7738601,22.111,-1.0,-1.0,-1.0
2017-03-23-11-58-44a.m.,1490241524392,1490241519535,2017-03-23-11-58-39a.m.,network,1.2949988,103.7738601,22.125,-1.0,-1.0,-1.0
2017-03-23-11-59-04a.m.,1490241544547,1490241536875,2017-03-23-11-58-56a.m.,network,1.294962,103.7739054,21.955,-1.0,-1.0,-1.0
2017-03-23-11-59-25a.m.,1490241565789,1490241556967,2017-03-23-11-59-16a.m.,network,1.295072,103.7738601,22.122,-1.0,-1.0,-1.0
2017-03-23-11-59-45a.m.,1490241585737,1490241576957,2017-03-23-11-59-36a.m.,network,1.2949988,103.7738601,22.123,-1.0,-1.0,-1.0
2017-03-23-12-00-06p.m.,1490241606150,1490241597056,2017-03-23-11-59-57a.m.,network,1.2949988,103.7738601,22.117,-1.0,-1.0,-1.0
2017-03-23-12-00-27p.m.,1490241627270,1490241627114,2017-03-23-12-00-27p.m.,network,1.294962,103.7739054,21.954,-1.0,-1.0,-1.0
2017-03-23-12-00-47p.m.,1490241647518,1490241647104,2017-03-23-12-00-47p.m.,network,1.294962,103.7739054,23.184,-1.0,-1.0,-1.0
2017-03-23-12-01-08p.m.,1490241668006,1490241667185,2017-03-23-12-01-07p.m.,network,1.295072,103.7738601,23.374,-1.0,-1.0,-1.0
2017-03-23-12-01-27p.m.,1490241687981,1490241687214,2017-03-23-12-01-27p.m.,network,1.295072,103.7738601,22.121,-1.0,-1.0,-1.0
2017-03-23-12-01-48p.m.,1490241708109,1490241707225,2017-03-23-12-01-47p.m.,network,1.294962,103.7739054,21.956,-1.0,-1.0,-1.0
2017-03-23-12-02-09p.m.,1490241729584,1490241727246,2017-03-23-12-02-07p.m.,network,1.294962,103.7739054,21.956,-1.0,-1.0,-1.0
2017-03-23-12-02-29p.m.,1490241749511,1490241747343,2017-03-23-12-02-27p.m.,network,1.294962,103.7739054,21.956,-1.0,-1.0,-1.0
2017-03-23-12-02-49p.m.,1490241769632,1490241767424,2017-03-23-12-02-47p.m.,network,1.294962,103.7739054,21.956,-1.0,-1.0,-1.0
2017-03-23-12-03-09p.m.,1490241789682,1490241787379,2017-03-23-12-03-07p.m.,network,1.295072,103.7738601,23.375,-1.0,-1.0,-1.0
2017-03-23-12-03-29p.m.,1490241809661,1490241807403,2017-03-23-12-03-27p.m.,network,1.2949988,103.7738601,22.124,-1.0,-1.0,-1.0
2017-03-23-12-03-49p.m.,1490241829728,1490241827459,2017-03-23-12-03-47p.m.,network,1.2949988,103.7738601,22.124,-1.0,-1.0,-1.0
2017-03-23-12-04-09p.m.,1490241849692,1490241847600,2017-03-23-12-04-07p.m.,network,1.2949988,103.7738601,22.114,-1.0,-1.0,-1.0
2017-03-23-12-04-29p.m.,1490241869687,1490241867535,2017-03-23-12-04-27p.m.,network,1.2949988,103.7738601,22.113,-1.0,-1.0,-1.0
2017-03-23-12-04-49p.m.,1490241889774,1490241887554,2017-03-23-12-04-47p.m.,network,1.294962,103.7739054,21.956,-1.0,-1.0,-1.0
2017-03-23-12-05-09p.m.,1490241909756,1490241907656,2017-03-23-12-05-07p.m.,network,1.2949988,103.7738601,22.123,-1.0,-1.0,-1.0
2017-03-23-12-05-29p.m.,1490241929903,1490241927654,2017-03-23-12-05-27p.m.,network,1.2949988,103.7738601,22.117,-1.0,-1.0,-1.0
2017-03-23-12-05-49p.m.,1490241949854,1490241947687,2017-03-23-12-05-47p.m.,network,1.294962,103.7739054,23.183,-1.0,-1.0,-1.0
2017-03-23-12-06-09p.m.,1490241969991,1490241967667,2017-03-23-12-06-07p.m.,network,1.294962,103.7739054,21.955,-1.0,-1.0,-1.0
2017-03-23-12-06-29p.m.,1490241989957,1490241987727,2017-03-23-12-06-27p.m.,network,1.294962,103.7739054,21.953,-1.0,-1.0,-1.0
2017-03-23-12-06-49p.m.,1490242009862,1490242007742,2017-03-23-12-06-47p.m.,network,1.2949988,103.7738601,22.117,-1.0,-1.0,-1.0
2017-03-23-12-07-09p.m.,1490242029827,1490242027746,2017-03-23-12-07-07p.m.,network,1.2949988,103.7738601,22.118,-1.0,-1.0,-1.0
2017-03-23-12-07-31p.m.,1490242051258,1490242047689,2017-03-23-12-07-27p.m.,network,1.2949988,103.7738601,22.123,-1.0,-1.0,-1.0
2017-03-23-12-07-51p.m.,1490242071139,1490242067760,2017-03-23-12-07-47p.m.,network,1.2949988,103.7738601,22.126,-1.0,-1.0,-1.0
2017-03-23-12-08-12p.m.,1490242092708,1490242087854,2017-03-23-12-08-07p.m.,network,1.2949988,103.7738601,22.116,-1.0,-1.0,-1.0
2017-03-23-12-08-32p.m.,1490242112695,1490242107982,2017-03-23-12-08-27p.m.,network,1.2949988,103.7738601,22.126,-1.0,-1.0,-1.0
