2017-03-23-10-03-24a.m.,1490234604022,8.0,3
2017-03-23-10-03-24a.m.,1490234604030,8.0,3
2017-03-23-10-05-48a.m.,1490234748610,0.0,3
2017-03-23-10-05-49a.m.,1490234749986,8.0,3
2017-03-23-10-07-07a.m.,1490234827266,0.0,3
2017-03-23-10-07-08a.m.,1490234828126,8.0,3
2017-03-23-10-08-45a.m.,1490234925549,0.0,3
2017-03-23-10-08-46a.m.,1490234926296,8.0,3
2017-03-23-10-14-04a.m.,1490235244696,0.0,3
2017-03-23-10-14-04a.m.,1490235244791,8.0,3
2017-03-23-10-14-04a.m.,1490235244915,0.0,3
2017-03-23-10-14-05a.m.,1490235245106,8.0,3
2017-03-23-10-29-43a.m.,1490236183324,8.0,3
2017-03-23-10-29-43a.m.,1490236183334,8.0,3
2017-03-23-10-30-56a.m.,1490236256174,0.0,3
2017-03-23-10-32-13a.m.,1490236333832,8.0,3
2017-03-23-10-34-18a.m.,1490236458664,0.0,3
2017-03-23-10-34-18a.m.,1490236458688,8.0,3
2017-03-23-10-34-22a.m.,1490236462089,0.0,3
2017-03-23-10-34-22a.m.,1490236462186,8.0,3
2017-03-23-10-34-22a.m.,1490236462855,0.0,3
2017-03-23-10-34-23a.m.,1490236463249,8.0,3
2017-03-23-10-34-25a.m.,1490236465451,0.0,3
2017-03-23-10-34-25a.m.,1490236465607,8.0,3
2017-03-23-10-34-26a.m.,1490236466563,0.0,3
2017-03-23-10-34-26a.m.,1490236466657,8.0,3
2017-03-23-10-34-27a.m.,1490236467594,0.0,3
2017-03-23-10-34-27a.m.,1490236467733,8.0,3
2017-03-23-10-34-28a.m.,1490236468713,0.0,3
2017-03-23-10-34-28a.m.,1490236468812,8.0,3
2017-03-23-10-34-29a.m.,1490236469422,0.0,3
2017-03-23-10-34-29a.m.,1490236469524,8.0,3
2017-03-23-10-34-29a.m.,1490236469796,0.0,3
2017-03-23-10-34-29a.m.,1490236469897,8.0,3
2017-03-23-10-34-30a.m.,1490236470838,0.0,3
2017-03-23-10-34-30a.m.,1490236470956,8.0,3
2017-03-23-10-34-33a.m.,1490236473836,0.0,3
2017-03-23-10-34-33a.m.,1490236473934,8.0,3
2017-03-23-10-34-35a.m.,1490236475854,0.0,3
2017-03-23-10-34-36a.m.,1490236476183,8.0,3
2017-03-23-10-34-37a.m.,1490236477952,0.0,3
2017-03-23-10-34-38a.m.,1490236478206,8.0,3
2017-03-23-10-34-39a.m.,1490236479187,0.0,3
2017-03-23-10-34-39a.m.,1490236479328,8.0,3
2017-03-23-10-35-04a.m.,1490236504818,0.0,3
2017-03-23-10-35-05a.m.,1490236505007,8.0,3
2017-03-23-10-35-14a.m.,1490236514629,0.0,3
2017-03-23-10-35-14a.m.,1490236514715,8.0,3
2017-03-23-10-35-21a.m.,1490236521037,0.0,3
2017-03-23-10-35-21a.m.,1490236521097,8.0,3
2017-03-23-10-35-22a.m.,1490236522773,0.0,3
2017-03-23-10-35-23a.m.,1490236523200,8.0,3
2017-03-23-10-35-29a.m.,1490236529626,0.0,3
2017-03-23-10-35-29a.m.,1490236529707,8.0,3
2017-03-23-10-35-30a.m.,1490236530747,0.0,3
2017-03-23-10-35-30a.m.,1490236530828,8.0,3
2017-03-23-10-35-38a.m.,1490236538024,0.0,3
2017-03-23-10-35-38a.m.,1490236538634,8.0,3
2017-03-23-10-36-15a.m.,1490236575078,0.0,3
2017-03-23-10-36-15a.m.,1490236575158,8.0,3
2017-03-23-10-36-54a.m.,1490236614507,0.0,3
2017-03-23-10-37-26a.m.,1490236646831,8.0,3
2017-03-23-10-39-39a.m.,1490236779197,0.0,3
2017-03-23-10-39-39a.m.,1490236779406,8.0,3
2017-03-23-10-39-39a.m.,1490236779887,0.0,3
2017-03-23-10-40-25a.m.,1490236825045,8.0,3
2017-03-23-10-41-35a.m.,1490236895002,0.0,3
2017-03-23-10-41-40a.m.,1490236900866,8.0,3
2017-03-23-10-43-27a.m.,1490237007068,0.0,3
2017-03-23-10-43-27a.m.,1490237007205,8.0,3
2017-03-23-10-43-36a.m.,1490237016608,0.0,3
2017-03-23-10-43-36a.m.,1490237016955,8.0,3
2017-03-23-10-43-38a.m.,1490237018687,0.0,3
2017-03-23-10-43-40a.m.,1490237020605,8.0,3
2017-03-23-10-43-47a.m.,1490237027314,0.0,3
2017-03-23-10-43-47a.m.,1490237027568,8.0,3
2017-03-23-10-43-51a.m.,1490237031314,0.0,3
2017-03-23-10-43-52a.m.,1490237032518,8.0,3
2017-03-23-10-43-57a.m.,1490237037416,0.0,3
2017-03-23-10-43-57a.m.,1490237037651,8.0,3
2017-03-23-10-44-01a.m.,1490237041654,0.0,3
2017-03-23-10-44-01a.m.,1490237041956,8.0,3
2017-03-23-10-44-02a.m.,1490237042661,0.0,3
2017-03-23-10-44-03a.m.,1490237043045,8.0,3
2017-03-23-10-44-03a.m.,1490237043694,0.0,3
2017-03-23-10-44-04a.m.,1490237044086,8.0,3
2017-03-23-10-44-04a.m.,1490237044735,0.0,3
2017-03-23-10-44-04a.m.,1490237044935,8.0,3
2017-03-23-10-44-09a.m.,1490237049186,0.0,3
2017-03-23-10-44-09a.m.,1490237049303,8.0,3
2017-03-23-10-44-11a.m.,1490237051934,0.0,3
2017-03-23-10-44-12a.m.,1490237052128,8.0,3
2017-03-23-10-44-14a.m.,1490237054149,0.0,3
2017-03-23-10-44-14a.m.,1490237054464,8.0,3
2017-03-23-10-44-22a.m.,1490237062491,0.0,3
2017-03-23-10-44-22a.m.,1490237062744,8.0,3
2017-03-23-10-44-23a.m.,1490237063824,0.0,3
2017-03-23-10-44-23a.m.,1490237063903,8.0,3
2017-03-23-10-44-25a.m.,1490237065630,0.0,3
2017-03-23-10-44-25a.m.,1490237065944,8.0,3
2017-03-23-10-44-26a.m.,1490237066750,0.0,3
2017-03-23-10-44-26a.m.,1490237066925,8.0,3
2017-03-23-10-44-30a.m.,1490237070775,0.0,3
2017-03-23-10-44-30a.m.,1490237070956,8.0,3
2017-03-23-10-44-31a.m.,1490237071855,0.0,3
2017-03-23-10-44-32a.m.,1490237072083,8.0,3
2017-03-23-10-44-32a.m.,1490237072775,0.0,3
2017-03-23-10-44-33a.m.,1490237073017,8.0,3
2017-03-23-10-44-33a.m.,1490237073953,0.0,3
2017-03-23-10-44-34a.m.,1490237074169,8.0,3
2017-03-23-10-44-40a.m.,1490237080940,0.0,3
2017-03-23-10-44-41a.m.,1490237081330,8.0,3
2017-03-23-10-44-53a.m.,1490237093952,0.0,3
2017-03-23-10-44-54a.m.,1490237094209,8.0,3
2017-03-23-10-44-55a.m.,1490237095934,0.0,3
2017-03-23-10-44-56a.m.,1490237096367,8.0,3
2017-03-23-10-44-56a.m.,1490237096858,0.0,3
2017-03-23-10-44-57a.m.,1490237097093,8.0,3
2017-03-23-10-44-57a.m.,1490237097860,0.0,3
2017-03-23-10-44-58a.m.,1490237098251,8.0,3
2017-03-23-10-44-58a.m.,1490237098899,0.0,3
2017-03-23-10-44-59a.m.,1490237099118,8.0,3
2017-03-23-10-44-59a.m.,1490237099882,0.0,3
2017-03-23-10-45-00a.m.,1490237100323,8.0,3
2017-03-23-10-45-00a.m.,1490237100825,0.0,3
2017-03-23-10-45-01a.m.,1490237101078,8.0,3
2017-03-23-10-45-01a.m.,1490237101907,0.0,3
2017-03-23-10-45-02a.m.,1490237102059,8.0,3
2017-03-23-10-45-02a.m.,1490237102825,0.0,3
2017-03-23-10-45-03a.m.,1490237103060,8.0,3
2017-03-23-10-45-03a.m.,1490237103846,0.0,3
2017-03-23-10-45-04a.m.,1490237104025,8.0,3
2017-03-23-10-45-04a.m.,1490237104808,0.0,3
2017-03-23-10-45-04a.m.,1490237104945,8.0,3
2017-03-23-10-45-05a.m.,1490237105809,0.0,3
2017-03-23-10-45-05a.m.,1490237105929,8.0,3
2017-03-23-10-45-06a.m.,1490237106850,0.0,3
2017-03-23-10-45-06a.m.,1490237106928,8.0,3
2017-03-23-10-45-07a.m.,1490237107851,0.0,3
2017-03-23-10-45-07a.m.,1490237107929,8.0,3
2017-03-23-10-45-08a.m.,1490237108834,0.0,3
2017-03-23-10-45-08a.m.,1490237108969,8.0,3
2017-03-23-10-45-11a.m.,1490237111875,0.0,3
2017-03-23-10-45-11a.m.,1490237111974,8.0,3
2017-03-23-10-45-19a.m.,1490237119765,0.0,3
2017-03-23-10-45-19a.m.,1490237119926,8.0,3
2017-03-23-10-45-20a.m.,1490237120785,0.0,3
2017-03-23-10-45-20a.m.,1490237120946,8.0,3
2017-03-23-10-45-21a.m.,1490237121119,0.0,3
2017-03-23-10-45-21a.m.,1490237121186,8.0,3
2017-03-23-10-45-21a.m.,1490237121806,0.0,3
2017-03-23-10-45-22a.m.,1490237122042,8.0,3
2017-03-23-10-45-22a.m.,1490237122789,0.0,3
2017-03-23-10-45-23a.m.,1490237123000,8.0,3
2017-03-23-10-45-23a.m.,1490237123768,0.0,3
2017-03-23-10-45-24a.m.,1490237124093,8.0,3
2017-03-23-10-45-24a.m.,1490237124729,0.0,3
2017-03-23-10-45-24a.m.,1490237124947,8.0,3
2017-03-23-10-45-25a.m.,1490237125730,0.0,3
2017-03-23-10-45-25a.m.,1490237125934,8.0,3
2017-03-23-10-45-27a.m.,1490237127804,0.0,3
2017-03-23-10-45-27a.m.,1490237127877,8.0,3
2017-03-23-10-45-29a.m.,1490237129734,0.0,3
2017-03-23-10-45-29a.m.,1490237129929,8.0,3
2017-03-23-10-45-31a.m.,1490237131772,0.0,3
2017-03-23-10-45-31a.m.,1490237131835,8.0,3
2017-03-23-10-45-37a.m.,1490237137758,0.0,3
2017-03-23-10-45-37a.m.,1490237137894,8.0,3
2017-03-23-10-45-38a.m.,1490237138110,0.0,3
2017-03-23-10-45-38a.m.,1490237138175,8.0,3
2017-03-23-10-45-39a.m.,1490237139781,0.0,3
2017-03-23-10-45-39a.m.,1490237139918,8.0,3
2017-03-23-10-45-41a.m.,1490237141824,0.0,3
2017-03-23-10-45-42a.m.,1490237142015,8.0,3
2017-03-23-10-45-42a.m.,1490237142211,0.0,3
2017-03-23-10-45-42a.m.,1490237142269,8.0,3
2017-03-23-10-45-42a.m.,1490237142857,0.0,3
2017-03-23-10-45-42a.m.,1490237142956,8.0,3
2017-03-23-10-45-43a.m.,1490237143906,0.0,3
2017-03-23-10-45-44a.m.,1490237144087,8.0,3
2017-03-23-10-45-44a.m.,1490237144899,0.0,3
2017-03-23-10-45-45a.m.,1490237145178,8.0,3
2017-03-23-10-45-45a.m.,1490237145262,0.0,3
2017-03-23-10-45-45a.m.,1490237145330,8.0,3
2017-03-23-10-45-45a.m.,1490237145939,0.0,3
2017-03-23-10-45-46a.m.,1490237146173,8.0,3
2017-03-23-10-45-54a.m.,1490237154999,0.0,3
2017-03-23-10-45-55a.m.,1490237155213,8.0,3
2017-03-23-10-45-55a.m.,1490237155998,0.0,3
2017-03-23-10-45-56a.m.,1490237156176,8.0,3
2017-03-23-10-45-57a.m.,1490237157000,0.0,3
2017-03-23-10-45-57a.m.,1490237157154,8.0,3
2017-03-23-10-45-58a.m.,1490237158019,0.0,3
2017-03-23-10-45-58a.m.,1490237158154,8.0,3
2017-03-23-10-45-59a.m.,1490237159016,0.0,3
2017-03-23-10-45-59a.m.,1490237159409,8.0,3
2017-03-23-10-46-00a.m.,1490237160055,0.0,3
2017-03-23-10-46-00a.m.,1490237160291,8.0,3
2017-03-23-10-46-01a.m.,1490237161056,0.0,3
2017-03-23-10-46-01a.m.,1490237161213,8.0,3
2017-03-23-10-46-02a.m.,1490237162134,0.0,3
2017-03-23-10-46-02a.m.,1490237162311,8.0,3
2017-03-23-10-46-02a.m.,1490237162506,0.0,3
2017-03-23-10-46-02a.m.,1490237162625,8.0,3
2017-03-23-10-46-03a.m.,1490237163236,0.0,3
2017-03-23-10-46-03a.m.,1490237163859,8.0,3
2017-03-23-10-46-04a.m.,1490237164585,0.0,3
2017-03-23-10-46-04a.m.,1490237164919,8.0,3
2017-03-23-10-46-21a.m.,1490237181354,0.0,3
2017-03-23-10-46-21a.m.,1490237181552,8.0,3
2017-03-23-10-46-21a.m.,1490237181705,0.0,3
2017-03-23-10-46-21a.m.,1490237181886,8.0,3
2017-03-23-10-46-22a.m.,1490237182459,0.0,3
2017-03-23-10-46-22a.m.,1490237182845,8.0,3
2017-03-23-10-46-23a.m.,1490237183503,0.0,3
2017-03-23-10-46-23a.m.,1490237183866,8.0,3
2017-03-23-10-46-24a.m.,1490237184470,0.0,3
2017-03-23-10-46-24a.m.,1490237184612,8.0,3
2017-03-23-10-46-24a.m.,1490237184826,0.0,3
2017-03-23-10-46-24a.m.,1490237184921,8.0,3
2017-03-23-10-46-25a.m.,1490237185529,0.0,3
2017-03-23-10-46-25a.m.,1490237185921,8.0,3
2017-03-23-10-46-26a.m.,1490237186470,0.0,3
2017-03-23-10-46-26a.m.,1490237186924,8.0,3
2017-03-23-10-46-27a.m.,1490237187529,0.0,3
2017-03-23-10-46-27a.m.,1490237187902,8.0,3
2017-03-23-10-46-28a.m.,1490237188566,0.0,3
2017-03-23-10-46-28a.m.,1490237188960,8.0,3
2017-03-23-10-46-29a.m.,1490237189552,0.0,3
2017-03-23-10-46-29a.m.,1490237189785,8.0,3
2017-03-23-10-46-29a.m.,1490237189882,0.0,3
2017-03-23-10-46-29a.m.,1490237189980,8.0,3
2017-03-23-10-46-30a.m.,1490237190589,0.0,3
2017-03-23-10-46-30a.m.,1490237190688,8.0,3
2017-03-23-10-47-27a.m.,1490237247687,0.0,3
2017-03-23-10-47-41a.m.,1490237261690,8.0,3
2017-03-23-11-02-49a.m.,1490238169831,0.0,3
2017-03-23-11-02-49a.m.,1490238169889,8.0,3
2017-03-23-11-02-57a.m.,1490238177212,0.0,3
2017-03-23-11-02-57a.m.,1490238177407,8.0,3
2017-03-23-11-02-57a.m.,1490238177857,0.0,3
2017-03-23-11-03-04a.m.,1490238184319,8.0,3
2017-03-23-11-03-08a.m.,1490238188705,0.0,3
2017-03-23-11-03-09a.m.,1490238189977,8.0,3
2017-03-23-11-03-30a.m.,1490238210425,0.0,3
2017-03-23-11-03-30a.m.,1490238210540,8.0,3
2017-03-23-11-03-31a.m.,1490238211013,0.0,3
2017-03-23-11-03-31a.m.,1490238211345,8.0,3
2017-03-23-11-03-31a.m.,1490238211722,0.0,3
2017-03-23-11-03-54a.m.,1490238234004,8.0,3
2017-03-23-11-14-13a.m.,1490238853729,0.0,3
2017-03-23-11-14-27a.m.,1490238867497,8.0,3
2017-03-23-11-15-17a.m.,1490238917698,0.0,3
2017-03-23-11-15-18a.m.,1490238918297,8.0,3
2017-03-23-11-16-41a.m.,1490239001915,0.0,3
2017-03-23-11-16-41a.m.,1490239001993,8.0,3
2017-03-23-11-17-02a.m.,1490239022507,0.0,3
2017-03-23-11-17-02a.m.,1490239022895,8.0,3
2017-03-23-11-17-07a.m.,1490239027875,0.0,3
2017-03-23-11-17-08a.m.,1490239028253,8.0,3
2017-03-23-11-17-08a.m.,1490239028934,0.0,3
2017-03-23-11-17-09a.m.,1490239029361,8.0,3
2017-03-23-11-17-12a.m.,1490239032348,0.0,3
2017-03-23-11-17-12a.m.,1490239032625,8.0,3
2017-03-23-11-17-22a.m.,1490239042959,0.0,3
2017-03-23-11-17-23a.m.,1490239043383,8.0,3
2017-03-23-11-24-45a.m.,1490239485590,0.0,3
2017-03-23-11-24-46a.m.,1490239486228,8.0,3
2017-03-23-11-29-09a.m.,1490239749786,0.0,3
2017-03-23-11-29-09a.m.,1490239749879,8.0,3
2017-03-23-11-31-50a.m.,1490239910124,0.0,3
2017-03-23-11-31-51a.m.,1490239911076,8.0,3
2017-03-23-11-31-51a.m.,1490239911406,0.0,3
2017-03-23-11-31-51a.m.,1490239911605,8.0,3
2017-03-23-11-31-56a.m.,1490239916622,0.0,3
2017-03-23-11-31-56a.m.,1490239916675,8.0,3
2017-03-23-11-31-58a.m.,1490239918549,0.0,3
2017-03-23-11-31-58a.m.,1490239918927,8.0,3
2017-03-23-11-31-59a.m.,1490239919605,0.0,3
2017-03-23-11-31-59a.m.,1490239919785,8.0,3
2017-03-23-11-32-00a.m.,1490239920705,0.0,3
2017-03-23-11-32-00a.m.,1490239920931,8.0,3
2017-03-23-11-32-25a.m.,1490239945911,0.0,3
2017-03-23-11-32-26a.m.,1490239946439,8.0,3
2017-03-23-11-32-28a.m.,1490239948391,0.0,3
2017-03-23-11-32-28a.m.,1490239948507,8.0,3
2017-03-23-11-32-36a.m.,1490239956743,0.0,3
2017-03-23-11-32-36a.m.,1490239956838,8.0,3
2017-03-23-11-32-37a.m.,1490239957473,0.0,3
2017-03-23-11-32-37a.m.,1490239957605,8.0,3
2017-03-23-11-32-43a.m.,1490239963766,0.0,3
2017-03-23-11-32-43a.m.,1490239963902,8.0,3
2017-03-23-11-32-45a.m.,1490239965492,0.0,3
2017-03-23-11-32-45a.m.,1490239965589,8.0,3
2017-03-23-11-32-47a.m.,1490239967657,0.0,3
2017-03-23-11-32-47a.m.,1490239967951,8.0,3
2017-03-23-11-33-14a.m.,1490239994158,0.0,3
2017-03-23-11-33-14a.m.,1490239994237,8.0,3
2017-03-23-11-33-14a.m.,1490239994865,0.0,3
2017-03-23-11-33-15a.m.,1490239995081,8.0,3
2017-03-23-11-33-15a.m.,1490239995238,0.0,3
2017-03-23-11-33-15a.m.,1490239995297,8.0,3
2017-03-23-11-33-23a.m.,1490240003205,0.0,3
2017-03-23-11-33-23a.m.,1490240003597,8.0,3
2017-03-23-11-33-25a.m.,1490240005286,0.0,3
2017-03-23-11-33-25a.m.,1490240005697,8.0,3
2017-03-23-11-33-50a.m.,1490240030134,0.0,3
2017-03-23-11-33-50a.m.,1490240030211,8.0,3
2017-03-23-12-06-57p.m.,1490242017082,0.0,3
2017-03-23-12-06-57p.m.,1490242017509,8.0,3
2017-03-23-12-08-32p.m.,1490242112904,0.0,3
2017-03-23-12-08-32p.m.,1490242112975,8.0,3
