2017-03-31-8-11-50AM,1490919110965,1490919100574,2017-03-31-8-11-40AM,network,1.2773671,103.8283736,22.1,-1.0,-1.0,-1.0
2017-03-31-8-12-11AM,1490919131148,1490919126846,2017-03-31-8-12-06AM,network,1.2773676,103.828283,24.041,-1.0,-1.0,-1.0
2017-03-31-8-12-31AM,1490919151069,1490919144685,2017-03-31-8-12-24AM,network,1.2771478,103.8283736,22.847,-1.0,-1.0,-1.0
2017-03-31-8-12-51AM,1490919171052,1490919162728,2017-03-31-8-12-42AM,network,1.2772209,103.8283736,22.06,-1.0,-1.0,-1.0
2017-03-31-8-13-11AM,1490919191063,1490919189520,2017-03-31-8-13-09AM,network,1.2772915,103.8288264,22.038,-1.0,-1.0,-1.0
2017-03-31-8-13-31AM,1490919211050,1490919202773,2017-03-31-8-13-22AM,network,1.277291,103.828917,22.107,-1.0,-1.0,-1.0
2017-03-31-8-13-51AM,1490919231075,1490919222726,2017-03-31-8-13-42AM,network,1.2774372,103.828917,24.081,-1.0,-1.0,-1.0
2017-03-31-8-14-11AM,1490919251081,1490919249680,2017-03-31-8-14-09AM,network,1.2773616,103.8293699,25.168,-1.0,-1.0,-1.0
2017-03-31-8-14-26AM,1490919266558,1490919266000,2017-03-31-8-14-26AM,gps,1.27735956,103.82918183,23.0,-20.0,-1.0,0.0
2017-03-31-8-14-39AM,1490919279078,1490919279000,2017-03-31-8-14-39AM,gps,1.27731931,103.82935732,8.0,-7.0,-1.0,0.0
2017-03-31-8-14-49AM,1490919289083,1490919289000,2017-03-31-8-14-49AM,gps,1.27727811,103.82944653,15.0,7.0,-1.0,0.0
2017-03-31-8-14-59AM,1490919299103,1490919299000,2017-03-31-8-14-59AM,gps,1.2772732,103.82952425,14.0,9.0,-1.0,0.0
2017-03-31-8-15-10AM,1490919310091,1490919310000,2017-03-31-8-15-10AM,gps,1.27722998,103.82958533,19.0,20.0,-1.0,0.0
2017-03-31-8-15-20AM,1490919320063,1490919320000,2017-03-31-8-15-20AM,gps,1.27722744,103.82958963,16.0,21.0,-1.0,0.0
2017-03-31-8-15-30AM,1490919330092,1490919330000,2017-03-31-8-15-30AM,gps,1.27721443,103.82960909,27.0,25.0,-1.0,0.0
2017-03-31-8-15-49AM,1490919349107,1490919349000,2017-03-31-8-15-49AM,gps,1.27719444,103.82975526,12.0,19.0,85.2,1.1920571
2017-03-31-8-15-59AM,1490919359116,1490919359000,2017-03-31-8-15-59AM,gps,1.2771837,103.83003658,11.0,23.0,78.7,1.25016
2017-03-31-8-16-09AM,1490919369080,1490919369000,2017-03-31-8-16-09AM,gps,1.27703711,103.83037664,10.0,25.0,116.2,0.88684833
2017-03-31-8-16-19AM,1490919379096,1490919379000,2017-03-31-8-16-19AM,gps,1.27697698,103.83042087,14.0,33.0,187.6,0.5830952
2017-03-31-8-16-29AM,1490919389077,1490919389000,2017-03-31-8-16-29AM,gps,1.27689977,103.83042049,10.0,14.0,168.3,1.0183319
2017-03-31-8-16-40AM,1490919400063,1490919400000,2017-03-31-8-16-40AM,gps,1.27683415,103.83043941,24.0,8.0,237.3,1.2310159
2017-03-31-8-16-51AM,1490919411081,1490919411000,2017-03-31-8-16-51AM,gps,1.27671655,103.83064721,26.0,2.0,79.3,1.5002999
2017-03-31-8-17-01AM,1490919421089,1490919421000,2017-03-31-8-17-01AM,gps,1.2765854,103.83060955,36.0,14.0,172.2,1.1715374
2017-03-31-8-17-14AM,1490919434072,1490919433057,2017-03-31-8-17-13AM,network,1.2758936,103.8304567,24.625,-1.0,-1.0,-1.0
2017-03-31-8-17-21AM,1490919441081,1490919441000,2017-03-31-8-17-21AM,gps,1.27603357,103.83030017,35.0,19.0,216.4,2.710664
2017-03-31-8-17-32AM,1490919452097,1490919452000,2017-03-31-8-17-32AM,gps,1.27613613,103.83011596,36.0,22.0,232.3,1.667693
2017-03-31-8-17-49AM,1490919469089,1490919469000,2017-03-31-8-17-49AM,gps,1.27597307,103.83026497,17.0,13.0,172.0,1.3203409
2017-03-31-8-17-56AM,1490919476539,1490919473140,2017-03-31-8-17-53AM,network,1.2759657,103.8306379,22.09,-1.0,-1.0,-1.0
2017-03-31-8-18-10AM,1490919490109,1490919490000,2017-03-31-8-18-10AM,gps,1.27594908,103.83052944,29.0,18.0,126.5,0.6789698
2017-03-31-8-18-16AM,1490919496557,1490919493154,2017-03-31-8-18-13AM,network,1.2759304,103.8304114,21.941,-1.0,-1.0,-1.0
2017-03-31-8-18-29AM,1490919509079,1490919509000,2017-03-31-8-18-29AM,gps,1.27590437,103.8301111,14.0,16.0,250.7,1.2070211
2017-03-31-8-18-36AM,1490919516597,1490919513120,2017-03-31-8-18-33AM,network,1.2758941,103.8303662,23.222,-1.0,-1.0,-1.0
2017-03-31-8-18-51AM,1490919531088,1490919531000,2017-03-31-8-18-51AM,gps,1.27558915,103.83001402,26.0,15.0,199.9,0.17262676
2017-03-31-8-18-56AM,1490919536614,1490919533149,2017-03-31-8-18-53AM,network,1.2759314,103.8302303,24.42,-1.0,-1.0,-1.0
2017-03-31-8-19-13AM,1490919553150,1490919549685,2017-03-31-8-19-09AM,network,1.2758215,103.8302756,22.111,-1.0,-1.0,-1.0
2017-03-31-8-19-22AM,1490919562078,1490919562000,2017-03-31-8-19-22AM,gps,1.27640391,103.82985883,39.0,-7.0,286.1,1.3536987
2017-03-31-8-19-33AM,1490919573188,1490919563273,2017-03-31-8-19-23AM,network,1.2758951,103.830185,24.085,-1.0,-1.0,-1.0
2017-03-31-8-19-40AM,1490919580083,1490919580000,2017-03-31-8-19-40AM,gps,1.27584426,103.83006747,16.0,-20.0,314.1,0.46173584
2017-03-31-8-19-53AM,1490919593177,1490919583248,2017-03-31-8-19-43AM,network,1.2758215,103.8302756,23.093,-1.0,-1.0,-1.0
2017-03-31-8-19-59AM,1490919599086,1490919599000,2017-03-31-8-19-59AM,gps,1.27572378,103.83012303,17.0,1.0,221.8,2.061189
2017-03-31-8-20-12AM,1490919612063,1490919612000,2017-03-31-8-20-12AM,gps,1.27580522,103.82986611,49.0,-2.0,287.9,1.6501212
2017-03-31-8-20-30AM,1490919630119,1490919630000,2017-03-31-8-20-30AM,gps,1.27568058,103.83021609,11.0,-29.0,20.5,0.97128785
2017-03-31-8-20-41AM,1490919641105,1490919641000,2017-03-31-8-20-41AM,gps,1.2757046,103.83027519,32.0,-9.0,156.4,0.6888396
2017-03-31-8-20-52AM,1490919652119,1490919652000,2017-03-31-8-20-52AM,gps,1.27554843,103.83025442,37.0,-8.0,188.8,0.21377558
2017-03-31-8-21-11AM,1490919671117,1490919671000,2017-03-31-8-21-11AM,gps,1.27581214,103.8302975,36.0,-17.0,5.8,1.5702866
2017-03-31-8-21-28AM,1490919688078,1490919688000,2017-03-31-8-21-28AM,gps,1.27596094,103.83006806,54.0,-29.0,296.2,0.9200544
2017-03-31-8-21-33AM,1490919693300,1490919683418,2017-03-31-8-21-23AM,network,1.2758941,103.8303662,23.244,-1.0,-1.0,-1.0
2017-03-31-8-21-42AM,1490919702083,1490919702000,2017-03-31-8-21-42AM,gps,1.2759751,103.83006433,29.0,1.0,332.5,0.17262676
2017-03-31-8-21-53AM,1490919713332,1490919703405,2017-03-31-8-21-43AM,network,1.2758215,103.8302756,23.24,-1.0,-1.0,-1.0
2017-03-31-8-22-01AM,1490919721081,1490919721000,2017-03-31-8-22-01AM,gps,1.27588815,103.83015377,13.0,-32.0,152.3,0.50159746
2017-03-31-8-22-12AM,1490919732073,1490919732000,2017-03-31-8-22-12AM,gps,1.27587681,103.8301612,16.0,-29.0,234.0,0.53009427
2017-03-31-8-22-22AM,1490919742108,1490919742000,2017-03-31-8-22-22AM,gps,1.27588187,103.83026737,22.0,-22.0,-1.0,0.0
2017-03-31-8-22-32AM,1490919752084,1490919752000,2017-03-31-8-22-32AM,gps,1.27587723,103.83031059,21.0,-24.0,-1.0,0.0
2017-03-31-8-22-51AM,1490919771107,1490919771000,2017-03-31-8-22-51AM,gps,1.27619774,103.82995011,17.0,-12.0,308.8,5.6802197
2017-03-31-8-23-01AM,1490919781086,1490919781000,2017-03-31-8-23-01AM,gps,1.27592184,103.83017241,12.0,-17.0,303.2,0.617171
2017-03-31-8-23-11AM,1490919791093,1490919791000,2017-03-31-8-23-11AM,gps,1.27599498,103.83009551,16.0,9.0,295.2,0.36878178
2017-03-31-8-23-22AM,1490919802071,1490919802000,2017-03-31-8-23-22AM,gps,1.27588584,103.83011925,29.0,6.0,216.9,1.9400258
2017-03-31-8-23-33AM,1490919813620,1490919803581,2017-03-31-8-23-23AM,network,1.2759314,103.8302303,24.423,-1.0,-1.0,-1.0
2017-03-31-8-23-53AM,1490919833646,1490919823580,2017-03-31-8-23-43AM,network,1.2757494,103.8300944,22.754,-1.0,-1.0,-1.0
2017-03-31-8-24-13AM,1490919853854,1490919853652,2017-03-31-8-24-13AM,network,1.4310925,103.8352401,128.9,-1.0,-1.0,-1.0
2017-03-31-8-24-32AM,1490919872089,1490919872000,2017-03-31-8-24-32AM,gps,1.27390558,103.8289964,35.0,2.0,-1.0,0.0
2017-03-31-8-24-48AM,1490919888074,1490919888000,2017-03-31-8-24-48AM,gps,1.27329114,103.82918509,39.0,8.0,161.3,7.580059
2017-03-31-8-24-53AM,1490919893725,1490919883665,2017-03-31-8-24-43AM,network,1.2741531,103.8279207,24.038,-1.0,-1.0,-1.0
2017-03-31-8-25-06AM,1490919906106,1490919906000,2017-03-31-8-25-06AM,gps,1.27248303,103.82812431,36.0,6.0,260.4,3.440131
2017-03-31-8-25-13AM,1490919913743,1490919913686,2017-03-31-8-25-13AM,network,1.2725828,103.8276943,21.939,-1.0,-1.0,-1.0
2017-03-31-8-25-23AM,1490919923074,1490919923000,2017-03-31-8-25-23AM,gps,1.27261682,103.82788201,33.0,14.0,40.3,1.935071
2017-03-31-8-25-33AM,1490919933756,1490919933684,2017-03-31-8-25-33AM,network,1.2724724,103.8278301,22.112,-1.0,-1.0,-1.0
2017-03-31-8-25-43AM,1490919943073,1490919943000,2017-03-31-8-25-43AM,gps,1.2725429,103.82784799,56.0,16.0,282.2,0.21
2017-03-31-8-25-53AM,1490919953821,1490919953739,2017-03-31-8-25-53AM,network,1.2724729,103.8277396,23.372,-1.0,-1.0,-1.0
2017-03-31-8-26-10AM,1490919970084,1490919970000,2017-03-31-8-26-10AM,gps,1.27206944,103.82751603,43.0,3.0,239.8,4.490178
2017-03-31-8-26-34AM,1490919994048,1490919993754,2017-03-31-8-26-33AM,network,1.2716285,103.8263014,87.6,-1.0,-1.0,-1.0
2017-03-31-8-26-53AM,1490920013859,1490920013778,2017-03-31-8-26-53AM,network,1.2715316,103.8261093,24.078,-1.0,-1.0,-1.0
2017-03-31-8-27-13AM,1490920033928,1490920033785,2017-03-31-8-27-13AM,network,1.2706589,103.8252941,22.438,-1.0,-1.0,-1.0
2017-03-31-8-27-21AM,1490920041070,1490920041000,2017-03-31-8-27-21AM,gps,1.26995572,103.82518707,56.0,10.0,187.1,6.940007
2017-03-31-8-27-34AM,1490920054242,1490920053790,2017-03-31-8-27-33AM,network,1.2694169,103.8252036,23.164,-1.0,-1.0,-1.0
2017-03-31-8-27-52AM,1490920072068,1490920072000,2017-03-31-8-27-52AM,gps,1.26784256,103.82590325,18.0,-7.0,151.3,4.0300126
2017-03-31-8-28-02AM,1490920082070,1490920082000,2017-03-31-8-28-02AM,gps,1.26769105,103.82595511,29.0,-8.0,182.8,0.6129437
2017-03-31-8-28-13AM,1490920093071,1490920093000,2017-03-31-8-28-13AM,gps,1.26770445,103.82592064,29.0,-8.0,329.1,0.39012817
2017-03-31-8-28-25AM,1490920105063,1490920105000,2017-03-31-8-28-25AM,gps,1.26767434,103.82597083,48.0,-6.0,111.6,1.3001539
2017-03-31-8-28-35AM,1490920115406,1490920114882,2017-03-31-8-28-34AM,network,1.2679824,103.8268791,699.999,-1.0,-1.0,-1.0
2017-03-31-8-28-55AM,1490920135304,1490920133861,2017-03-31-8-28-53AM,network,1.2656038,103.8264118,64.1,-1.0,-1.0,-1.0
2017-03-31-8-29-15AM,1490920155341,1490920154941,2017-03-31-8-29-14AM,network,1.2665345,103.8243431,899.999,-1.0,-1.0,-1.0
2017-03-31-8-29-35AM,1490920175288,1490920173876,2017-03-31-8-29-33AM,network,1.2661388,103.823211,23.762,-1.0,-1.0,-1.0
2017-03-31-8-29-55AM,1490920195305,1490920193860,2017-03-31-8-29-53AM,network,1.3029559,103.8531001,128.9,-1.0,-1.0,-1.0
2017-03-31-8-30-16AM,1490920216161,1490920213898,2017-03-31-8-30-13AM,network,1.2651225,103.8219431,29.537,-1.0,-1.0,-1.0
2017-03-31-8-30-36AM,1490920236023,1490920233868,2017-03-31-8-30-33AM,network,1.2651215,103.8221242,24.315,-1.0,-1.0,-1.0
2017-03-31-8-30-56AM,1490920256065,1490920253740,2017-03-31-8-30-53AM,network,1.2650494,103.8219431,22.747,-1.0,-1.0,-1.0
2017-03-31-8-31-16AM,1490920276099,1490920273752,2017-03-31-8-31-13AM,network,1.2649037,103.8218525,22.106,-1.0,-1.0,-1.0
2017-03-31-8-31-36AM,1490920296079,1490920293734,2017-03-31-8-31-33AM,network,1.2647585,103.8216714,23.027,-1.0,-1.0,-1.0
2017-03-31-8-31-56AM,1490920316109,1490920313675,2017-03-31-8-31-53AM,network,1.2647227,103.8215355,22.621,-1.0,-1.0,-1.0
2017-03-31-8-32-16AM,1490920336099,1490920333779,2017-03-31-8-32-13AM,network,1.2643946,103.8213997,26.259,-1.0,-1.0,-1.0
2017-03-31-8-32-36AM,1490920356139,1490920353847,2017-03-31-8-32-33AM,network,1.2646854,103.8216714,27.249,-1.0,-1.0,-1.0
2017-03-31-8-32-56AM,1490920376130,1490920374000,2017-03-31-8-32-54AM,network,1.2646845,103.8218525,22.837,-1.0,-1.0,-1.0
2017-03-31-8-33-17AM,1490920397177,1490920394016,2017-03-31-8-33-14AM,network,1.2646845,103.8218525,22.116,-1.0,-1.0,-1.0
2017-03-31-8-33-37AM,1490920417318,1490920414101,2017-03-31-8-33-34AM,network,1.2646845,103.8218525,22.068,-1.0,-1.0,-1.0
2017-03-31-8-33-57AM,1490920437328,1490920434091,2017-03-31-8-33-54AM,network,1.264685,103.8217619,23.647,-1.0,-1.0,-1.0
2017-03-31-8-34-17AM,1490920457347,1490920454224,2017-03-31-8-34-14AM,network,1.2646854,103.8216714,27.502,-1.0,-1.0,-1.0
2017-03-31-8-34-37AM,1490920477375,1490920474204,2017-03-31-8-34-34AM,network,1.2646854,103.8216714,23.965,-1.0,-1.0,-1.0
2017-03-31-8-34-57AM,1490920497355,1490920494269,2017-03-31-8-34-54AM,network,1.2646133,103.8214902,22.659,-1.0,-1.0,-1.0
2017-03-31-8-35-17AM,1490920517382,1490920514315,2017-03-31-8-35-14AM,network,1.2649037,103.8218525,24.507,-1.0,-1.0,-1.0
2017-03-31-8-35-37AM,1490920537768,1490920534418,2017-03-31-8-35-34AM,network,1.265198,103.8214902,24.031,-1.0,-1.0,-1.0
2017-03-31-8-35-57AM,1490920557416,1490920554508,2017-03-31-8-35-54AM,network,1.2651234,103.8217619,23.758,-1.0,-1.0,-1.0
2017-03-31-8-36-18AM,1490920578412,1490920574575,2017-03-31-8-36-14AM,network,1.2650867,103.8218072,29.013,-1.0,-1.0,-1.0
2017-03-31-8-36-38AM,1490920598859,1490920594559,2017-03-31-8-36-34AM,network,1.2651985,103.8213997,27.309,-1.0,-1.0,-1.0
2017-03-31-8-36-58AM,1490920618449,1490920614553,2017-03-31-8-36-54AM,network,1.2651985,103.8213997,22.061,-1.0,-1.0,-1.0
2017-03-31-8-37-18AM,1490920638522,1490920634569,2017-03-31-8-37-14AM,network,1.2652716,103.8213997,22.114,-1.0,-1.0,-1.0
2017-03-31-8-37-38AM,1490920658516,1490920654582,2017-03-31-8-37-34AM,network,1.265199,103.8213091,22.123,-1.0,-1.0,-1.0
2017-03-31-8-38-00AM,1490920680466,1490920674610,2017-03-31-8-37-54AM,network,1.2652716,103.8213997,23.36,-1.0,-1.0,-1.0
2017-03-31-8-38-20AM,1490920700514,1490920694629,2017-03-31-8-38-14AM,network,1.2652716,103.8213997,23.359,-1.0,-1.0,-1.0
2017-03-31-8-38-41AM,1490920721130,1490920719880,2017-03-31-8-38-39AM,network,1.2651254,103.8213997,22.924,-1.0,-1.0,-1.0
2017-03-31-8-39-01AM,1490920741139,1490920734690,2017-03-31-8-38-54AM,network,1.2651254,103.8213997,22.923,-1.0,-1.0,-1.0
2017-03-31-8-39-22AM,1490920762184,1490920754709,2017-03-31-8-39-14AM,network,1.2651254,103.8213997,22.923,-1.0,-1.0,-1.0
2017-03-31-8-39-42AM,1490920782224,1490920779896,2017-03-31-8-39-39AM,network,1.2651254,103.8213997,24.078,-1.0,-1.0,-1.0
2017-03-31-8-40-03AM,1490920803912,1490920794753,2017-03-31-8-39-54AM,network,1.2651254,103.8213997,24.078,-1.0,-1.0,-1.0
2017-03-31-8-40-23AM,1490920823968,1490920814793,2017-03-31-8-40-14AM,network,1.2651254,103.8213997,32.389,-1.0,-1.0,-1.0
2017-03-31-8-40-43AM,1490920843983,1490920839907,2017-03-31-8-40-39AM,network,1.2647208,103.8218978,21.928,-1.0,-1.0,-1.0
2017-03-31-8-41-04AM,1490920864154,1490920854800,2017-03-31-8-40-54AM,network,1.2647208,103.8218978,21.9,-1.0,-1.0,-1.0
2017-03-31-8-41-24AM,1490920884105,1490920874792,2017-03-31-8-41-14AM,network,1.2647575,103.8218525,36.49,-1.0,-1.0,-1.0
2017-03-31-8-41-44AM,1490920904051,1490920899894,2017-03-31-8-41-39AM,network,1.2651254,103.8213997,25.661,-1.0,-1.0,-1.0
2017-03-31-8-42-04AM,1490920924329,1490920914905,2017-03-31-8-41-54AM,network,1.2651254,103.8213997,24.079,-1.0,-1.0,-1.0
2017-03-31-8-42-24AM,1490920944168,1490920934912,2017-03-31-8-42-14AM,network,1.2651254,103.8213997,24.079,-1.0,-1.0,-1.0
2017-03-31-8-42-44AM,1490920964286,1490920959980,2017-03-31-8-42-39AM,network,1.2651254,103.8213997,24.079,-1.0,-1.0,-1.0
2017-03-31-8-43-04AM,1490920984118,1490920974972,2017-03-31-8-42-54AM,network,1.2651254,103.8213997,22.924,-1.0,-1.0,-1.0
2017-03-31-8-43-24AM,1490921004154,1490920994968,2017-03-31-8-43-14AM,network,1.2651985,103.8213997,22.103,-1.0,-1.0,-1.0
2017-03-31-8-43-44AM,1490921024672,1490921020076,2017-03-31-8-43-40AM,network,1.2651985,103.8213997,22.111,-1.0,-1.0,-1.0
2017-03-31-8-44-05AM,1490921045145,1490921035088,2017-03-31-8-43-55AM,network,1.2651612,103.8215355,26.923,-1.0,-1.0,-1.0
2017-03-31-8-44-25AM,1490921065179,1490921065114,2017-03-31-8-44-25AM,network,1.2695173,103.8134752,1600.0,-1.0,-1.0,-1.0
2017-03-31-8-44-45AM,1490921085187,1490921085122,2017-03-31-8-44-45AM,network,1.2695173,103.8134752,1600.0,-1.0,-1.0,-1.0
2017-03-31-8-45-05AM,1490921105393,1490921105128,2017-03-31-8-45-05AM,network,1.2695173,103.8134752,1600.0,-1.0,-1.0,-1.0
2017-03-31-8-45-45AM,1490921145524,1490921145153,2017-03-31-8-45-45AM,network,1.271882,103.808766,899.999,-1.0,-1.0,-1.0
2017-03-31-8-46-05AM,1490921165236,1490921165171,2017-03-31-8-46-05AM,network,1.2739526,103.8044193,1500.0,-1.0,-1.0,-1.0
2017-03-31-8-46-25AM,1490921185242,1490921185179,2017-03-31-8-46-25AM,network,1.2739526,103.8044193,1500.0,-1.0,-1.0,-1.0
2017-03-31-8-46-45AM,1490921205265,1490921205188,2017-03-31-8-46-45AM,network,1.2739526,103.8044193,1500.0,-1.0,-1.0,-1.0
2017-03-31-8-47-06AM,1490921226345,1490921226254,2017-03-31-8-47-06AM,network,1.2724866,103.8051437,1000.0,-1.0,-1.0,-1.0
2017-03-31-8-47-26AM,1490921246544,1490921246466,2017-03-31-8-47-26AM,network,1.2724866,103.8051437,1000.0,-1.0,-1.0,-1.0
2017-03-31-8-47-46AM,1490921266525,1490921266470,2017-03-31-8-47-46AM,network,1.2724866,103.8051437,1000.0,-1.0,-1.0,-1.0
2017-03-31-8-48-06AM,1490921286592,1490921286505,2017-03-31-8-48-06AM,network,1.2724866,103.8051437,1000.0,-1.0,-1.0,-1.0
2017-03-31-8-48-26AM,1490921306579,1490921306520,2017-03-31-8-48-26AM,network,1.2724866,103.8051437,1000.0,-1.0,-1.0,-1.0
2017-03-31-8-48-46AM,1490921326889,1490921326533,2017-03-31-8-48-46AM,network,1.2760234,103.8000727,1500.0,-1.0,-1.0,-1.0
2017-03-31-8-49-07AM,1490921347639,1490921347569,2017-03-31-8-49-07AM,network,1.2724866,103.8051437,1000.0,-1.0,-1.0,-1.0
2017-03-31-8-49-48AM,1490921388131,1490921385266,2017-03-31-8-49-45AM,network,1.2761329,103.7918082,48.9,-1.0,-1.0,-1.0
2017-03-31-8-50-07AM,1490921407696,1490921405273,2017-03-31-8-50-05AM,network,1.2761329,103.7918082,82.5,-1.0,-1.0,-1.0
2017-03-31-8-50-27AM,1490921427713,1490921425298,2017-03-31-8-50-25AM,network,1.2761329,103.7918082,60.0,-1.0,-1.0,-1.0
2017-03-31-8-50-47AM,1490921447726,1490921447660,2017-03-31-8-50-47AM,network,1.2774935,103.7986238,1700.0,-1.0,-1.0,-1.0
2017-03-31-8-51-08AM,1490921468768,1490921468690,2017-03-31-8-51-08AM,network,1.2954012,103.7870336,1500.0,-1.0,-1.0,-1.0
2017-03-31-8-51-28AM,1490921488758,1490921488692,2017-03-31-8-51-28AM,network,1.2772011,103.7986238,1500.0,-1.0,-1.0,-1.0
2017-03-31-8-51-48AM,1490921508792,1490921508706,2017-03-31-8-51-48AM,network,1.2772011,103.7986238,1500.0,-1.0,-1.0,-1.0
2017-03-31-8-52-08AM,1490921528974,1490921528771,2017-03-31-8-52-08AM,network,1.287512,103.7852227,1500.0,-1.0,-1.0,-1.0
2017-03-31-8-52-28AM,1490921548919,1490921548827,2017-03-31-8-52-28AM,network,1.2886761,103.7863093,1700.0,-1.0,-1.0,-1.0
2017-03-31-8-52-48AM,1490921568906,1490921568838,2017-03-31-8-52-48AM,network,1.2886761,103.7863093,1700.0,-1.0,-1.0,-1.0
2017-03-31-8-53-08AM,1490921588958,1490921588869,2017-03-31-8-53-08AM,network,1.2953852,103.7899311,1700.0,-1.0,-1.0,-1.0
2017-03-31-8-53-48AM,1490921628993,1490921628901,2017-03-31-8-53-48AM,network,1.2959864,103.7870336,1399.999,-1.0,-1.0,-1.0
2017-03-31-8-54-08AM,1490921648977,1490921648914,2017-03-31-8-54-08AM,network,1.2959864,103.7870336,1399.999,-1.0,-1.0,-1.0
2017-03-31-8-54-29AM,1490921669328,1490921668967,2017-03-31-8-54-28AM,network,1.2954053,103.7863093,1399.999,-1.0,-1.0,-1.0
2017-03-31-8-54-51AM,1490921691357,1490921691282,2017-03-31-8-54-51AM,network,1.2959864,103.7870336,1399.999,-1.0,-1.0,-1.0
2017-03-31-8-55-12AM,1490921712396,1490921712343,2017-03-31-8-55-12AM,network,1.2959864,103.7870336,1399.999,-1.0,-1.0,-1.0
2017-03-31-8-55-32AM,1490921732479,1490921732419,2017-03-31-8-55-32AM,network,1.2959864,103.7870336,1399.999,-1.0,-1.0,-1.0
2017-03-31-8-55-52AM,1490921752497,1490921752421,2017-03-31-8-55-52AM,network,1.2959864,103.7870336,1399.999,-1.0,-1.0,-1.0
2017-03-31-8-56-12AM,1490921772507,1490921772440,2017-03-31-8-56-12AM,network,1.290726,103.7859471,1200.0,-1.0,-1.0,-1.0
2017-03-31-8-56-32AM,1490921792884,1490921785543,2017-03-31-8-56-25AM,network,1.2997407,103.7875757,60.0,-1.0,-1.0,-1.0
2017-03-31-8-56-52AM,1490921812882,1490921805557,2017-03-31-8-56-45AM,network,1.300008,103.7878127,82.5,-1.0,-1.0,-1.0
2017-03-31-8-57-12AM,1490921832758,1490921830541,2017-03-31-8-57-10AM,network,1.2998944,103.7876864,60.0,-1.0,-1.0,-1.0
2017-03-31-8-57-32AM,1490921852637,1490921845557,2017-03-31-8-57-25AM,network,1.2998944,103.7876864,64.1,-1.0,-1.0,-1.0
2017-03-31-8-57-52AM,1490921872657,1490921872571,2017-03-31-8-57-52AM,network,1.3076819,103.7888445,899.999,-1.0,-1.0,-1.0
2017-03-31-8-58-12AM,1490921892665,1490921892586,2017-03-31-8-58-12AM,network,1.2954053,103.7863093,899.999,-1.0,-1.0,-1.0
2017-03-31-8-58-33AM,1490921913039,1490921905609,2017-03-31-8-58-25AM,network,1.3065355,103.7905591,20.0,-1.0,-1.0,-1.0
2017-03-31-8-58-53AM,1490921933233,1490921925615,2017-03-31-8-58-45AM,network,1.3065355,103.7905591,20.4,-1.0,-1.0,-1.0
2017-03-31-8-59-13AM,1490921953717,1490921950591,2017-03-31-8-59-10AM,network,1.3065355,103.7905591,20.0,-1.0,-1.0,-1.0
2017-03-31-8-59-25AM,1490921965675,1490921965653,2017-03-31-8-59-25AM,network,1.3065355,103.7905591,20.9,-1.0,-1.0,-1.0
2017-03-31-8-59-36AM,1490921976103,1490921975740,2017-03-31-8-59-35AM,network,1.3065355,103.7905591,20.4,-1.0,-1.0,-1.0
2017-03-31-9-00-03AM,1490922003992,1490921995634,2017-03-31-8-59-55AM,network,1.3065355,103.7905591,23.6,-1.0,-1.0,-1.0
2017-03-31-9-00-24AM,1490922024076,1490922015731,2017-03-31-9-00-15AM,network,1.3065118,103.7905612,24.9,-1.0,-1.0,-1.0
2017-03-31-9-00-44AM,1490922044157,1490922040620,2017-03-31-9-00-40AM,network,1.3065355,103.7905591,110.0,-1.0,-1.0,-1.0
2017-03-31-9-01-04AM,1490922064655,1490922064104,2017-03-31-9-01-04AM,network,1.3053425,103.7884823,1200.0,-1.0,-1.0,-1.0
2017-03-31-9-01-24AM,1490922084407,1490922075770,2017-03-31-9-01-15AM,network,1.306198,103.7910073,68.4,-1.0,-1.0,-1.0
2017-03-31-9-01-44AM,1490922104582,1490922104187,2017-03-31-9-01-44AM,network,1.3067978,103.7899311,699.999,-1.0,-1.0,-1.0
2017-03-31-9-02-04AM,1490922124714,1490922115602,2017-03-31-9-01-55AM,network,1.3059501,103.791063,25.953,-1.0,-1.0,-1.0
2017-03-31-9-02-22AM,1490922142066,1490922142000,2017-03-31-9-02-22AM,gps,1.30601463,103.79077298,64.0,25.0,222.6,0.42
2017-03-31-9-02-40AM,1490922160078,1490922160000,2017-03-31-9-02-40AM,gps,1.30559367,103.79204499,61.0,33.0,112.8,1.7307224
2017-03-31-9-02-56AM,1490922176063,1490922176000,2017-03-31-9-02-56AM,gps,1.30569828,103.79179779,36.0,78.0,183.6,0.2570992
2017-03-31-9-03-05AM,1490922185144,1490922175563,2017-03-31-9-02-55AM,network,1.3059854,103.7912893,21.89,-1.0,-1.0,-1.0
2017-03-31-9-03-25AM,1490922205705,1490922205641,2017-03-31-9-03-25AM,network,1.3060222,103.7912441,22.756,-1.0,-1.0,-1.0
2017-03-31-9-03-45AM,1490922225815,1490922220696,2017-03-31-9-03-40AM,network,1.3061696,103.791063,22.589,-1.0,-1.0,-1.0
2017-03-31-9-03-51AM,1490922231073,1490922231000,2017-03-31-9-03-51AM,gps,1.30635669,103.79097572,38.0,51.0,55.7,1.1900421
2017-03-31-9-04-05AM,1490922245808,1490922235637,2017-03-31-9-03-55AM,network,1.3064254,103.7911082,26.794,-1.0,-1.0,-1.0
2017-03-31-9-04-20AM,1490922260073,1490922260000,2017-03-31-9-04-20AM,gps,1.30634852,103.79116783,25.0,24.0,93.7,1.8621762
2017-03-31-9-04-25AM,1490922265774,1490922265634,2017-03-31-9-04-25AM,network,1.3056609,103.7904291,50.0,-1.0,-1.0,-1.0
2017-03-31-9-04-41AM,1490922281080,1490922281000,2017-03-31-9-04-41AM,gps,1.30649237,103.79096774,27.0,21.0,9.3,0.37013513
2017-03-31-9-05-01AM,1490922301082,1490922301000,2017-03-31-9-05-01AM,gps,1.30614833,103.79072433,29.0,28.0,227.9,2.740292
2017-03-31-9-05-21AM,1490922321078,1490922321000,2017-03-31-9-05-21AM,gps,1.30635405,103.791126,25.0,18.0,347.8,1.5346986
2017-03-31-9-05-41AM,1490922341109,1490922341000,2017-03-31-9-05-41AM,gps,1.30634386,103.79114299,35.0,25.0,114.4,2.9100173
2017-03-31-9-06-00AM,1490922360080,1490922360000,2017-03-31-9-06-00AM,gps,1.30608927,103.79126822,24.0,12.0,163.9,0.5500909
2017-03-31-9-06-05AM,1490922365971,1490922355755,2017-03-31-9-05-55AM,network,1.3055863,103.7907008,50.0,-1.0,-1.0,-1.0
2017-03-31-9-06-11AM,1490922371057,1490922371000,2017-03-31-9-06-11AM,gps,1.30611605,103.79108065,30.0,8.0,-1.0,0.02
2017-03-31-9-06-26AM,1490922386006,1490922385659,2017-03-31-9-06-25AM,network,1.3055878,103.7904291,50.0,-1.0,-1.0,-1.0
2017-03-31-9-06-40AM,1490922400086,1490922400000,2017-03-31-9-06-40AM,gps,1.30601284,103.79111807,27.0,24.0,129.5,3.74
2017-03-31-9-06-46AM,1490922406202,1490922406143,2017-03-31-9-06-46AM,network,1.3058063,103.7906102,23.374,-1.0,-1.0,-1.0
2017-03-31-9-07-11AM,1490922431088,1490922431000,2017-03-31-9-07-11AM,gps,1.30613103,103.79149568,39.0,-21.0,111.5,2.7200184
2017-03-31-9-07-22AM,1490922442087,1490922442000,2017-03-31-9-07-22AM,gps,1.30612921,103.79105533,45.0,-17.0,226.7,1.0700468
2017-03-31-9-07-40AM,1490922460083,1490922460000,2017-03-31-9-07-40AM,gps,1.30597609,103.79103375,18.0,-4.0,160.0,1.9409276
2017-03-31-9-07-46AM,1490922466324,1490922466232,2017-03-31-9-07-46AM,network,1.3056604,103.7905197,50.0,-1.0,-1.0,-1.0
2017-03-31-9-08-01AM,1490922481088,1490922481000,2017-03-31-9-08-01AM,gps,1.30600438,103.791244,29.0,-21.0,74.2,1.6307666
2017-03-31-9-08-12AM,1490922492103,1490922492000,2017-03-31-9-08-12AM,gps,1.30632625,103.79128025,37.0,-25.0,11.6,0.74
2017-03-31-9-08-23AM,1490922503069,1490922503000,2017-03-31-9-08-23AM,gps,1.30602396,103.79136516,40.0,-22.0,130.7,1.0312128
2017-03-31-9-08-41AM,1490922521081,1490922521000,2017-03-31-9-08-41AM,gps,1.30626838,103.79103914,39.0,-21.0,331.2,0.93048376
2017-03-31-9-08-46AM,1490922526400,1490922520782,2017-03-31-9-08-40AM,network,1.3086527,103.7918779,25.636,-1.0,-1.0,-1.0
2017-03-31-9-08-52AM,1490922532072,1490922532000,2017-03-31-9-08-52AM,gps,1.30620415,103.79106297,48.0,-20.0,-1.0,0.0
2017-03-31-9-09-06AM,1490922546396,1490922546309,2017-03-31-9-09-06AM,network,1.3085811,103.7916062,32.035,-1.0,-1.0,-1.0
2017-03-31-9-09-20AM,1490922560071,1490922560000,2017-03-31-9-09-20AM,gps,1.30612985,103.79113328,25.0,-17.0,-1.0,0.0
2017-03-31-9-09-28AM,1490922568917,1490922565769,2017-03-31-9-09-25AM,network,1.3086512,103.7921495,50.0,-1.0,-1.0,-1.0
2017-03-31-9-09-41AM,1490922581071,1490922581000,2017-03-31-9-09-41AM,gps,1.30613056,103.79112516,36.0,-14.0,-1.0,0.0
2017-03-31-9-09-48AM,1490922588906,1490922586412,2017-03-31-9-09-46AM,network,1.3055156,103.790248,50.0,-1.0,-1.0,-1.0
2017-03-31-9-10-09AM,1490922609997,1490922606464,2017-03-31-9-10-06AM,network,1.3087607,103.7921948,23.389,-1.0,-1.0,-1.0
2017-03-31-9-10-30AM,1490922630014,1490922625845,2017-03-31-9-10-25AM,network,1.3058431,103.790565,50.0,-1.0,-1.0,-1.0
2017-03-31-9-10-41AM,1490922641081,1490922641000,2017-03-31-9-10-41AM,gps,1.3061718,103.79107294,35.0,-6.0,-1.0,0.0
2017-03-31-9-10-50AM,1490922650015,1490922646528,2017-03-31-9-10-46AM,network,1.3086527,103.7918779,23.3,-1.0,-1.0,-1.0
2017-03-31-9-11-01AM,1490922661087,1490922661000,2017-03-31-9-11-01AM,gps,1.306184,103.79105628,28.0,-6.0,-1.0,0.0
2017-03-31-9-11-10AM,1490922670025,1490922666561,2017-03-31-9-11-06AM,network,1.3085079,103.7916062,29.171,-1.0,-1.0,-1.0
2017-03-31-9-11-30AM,1490922690032,1490922685811,2017-03-31-9-11-25AM,network,1.3058058,103.7907008,50.0,-1.0,-1.0,-1.0
2017-03-31-9-11-40AM,1490922700079,1490922700000,2017-03-31-9-11-40AM,gps,1.30617652,103.79105704,28.0,-7.0,-1.0,0.0
2017-03-31-9-11-50AM,1490922710082,1490922706544,2017-03-31-9-11-46AM,network,1.3055883,103.7903386,50.0,-1.0,-1.0,-1.0
2017-03-31-9-12-00AM,1490922720257,1490922720000,2017-03-31-9-12-00AM,gps,1.30617625,103.79105554,18.0,-6.0,-1.0,0.0
2017-03-31-9-12-10AM,1490922730079,1490922726523,2017-03-31-9-12-06AM,network,1.3058789,103.7907008,30.981,-1.0,-1.0,-1.0
2017-03-31-9-12-30AM,1490922750078,1490922750000,2017-03-31-9-12-30AM,gps,1.30619203,103.79104592,16.0,-4.0,-1.0,0.0
2017-03-31-9-12-49AM,1490922769076,1490922769000,2017-03-31-9-12-49AM,gps,1.30619373,103.79103133,11.0,-5.0,-1.0,0.0
2017-03-31-9-13-02AM,1490922782081,1490922782000,2017-03-31-9-13-02AM,gps,1.30621022,103.79100102,28.0,-2.0,-1.0,0.0
2017-03-31-9-13-10AM,1490922790877,1490922790813,2017-03-31-9-13-10AM,network,1.3065354,103.791063,33.546,-1.0,-1.0,-1.0
2017-03-31-9-13-20AM,1490922800098,1490922800000,2017-03-31-9-13-20AM,gps,1.30622058,103.79098184,18.0,-1.0,-1.0,0.0
2017-03-31-9-13-30AM,1490922810072,1490922810000,2017-03-31-9-13-30AM,gps,1.3062205,103.79097744,22.0,-1.0,-1.0,0.0
2017-03-31-9-13-40AM,1490922820078,1490922820000,2017-03-31-9-13-40AM,gps,1.30620897,103.7909947,27.0,-3.0,-1.0,0.0
2017-03-31-9-13-50AM,1490922830959,1490922826637,2017-03-31-9-13-46AM,network,1.3064254,103.7911082,27.107,-1.0,-1.0,-1.0
2017-03-31-9-14-10AM,1490922850944,1490922850791,2017-03-31-9-14-10AM,network,1.3064622,103.791063,22.932,-1.0,-1.0,-1.0
2017-03-31-9-14-31AM,1490922871044,1490922865875,2017-03-31-9-14-25AM,network,1.3064622,103.791063,25.252,-1.0,-1.0,-1.0
2017-03-31-9-14-51AM,1490922891051,1490922886761,2017-03-31-9-14-46AM,network,1.3058441,103.7903839,50.0,-1.0,-1.0,-1.0
2017-03-31-9-15-11AM,1490922911381,1490922910872,2017-03-31-9-15-10AM,network,1.3059985,103.7889351,50.0,-1.0,-1.0,-1.0
2017-03-31-9-15-31AM,1490922931540,1490922925873,2017-03-31-9-15-25AM,network,1.3035806,103.7895689,49.038,-1.0,-1.0,-1.0
2017-03-31-9-15-51AM,1490922951473,1490922946735,2017-03-31-9-15-46AM,network,1.3035564,103.7873506,50.0,-1.0,-1.0,-1.0
2017-03-31-9-16-11AM,1490922971090,1490922971000,2017-03-31-9-16-11AM,gps,1.30384067,103.78754232,56.0,3.0,289.4,0.25079873
2017-03-31-9-16-27AM,1490922987088,1490922987000,2017-03-31-9-16-27AM,gps,1.30380095,103.78785318,47.0,11.0,108.0,0.89005613
2017-03-31-9-16-34AM,1490922994493,1490922985818,2017-03-31-9-16-25AM,network,1.3052352,103.7878325,98.4,-1.0,-1.0,-1.0
2017-03-31-9-16-46AM,1490923006101,1490923006000,2017-03-31-9-16-46AM,gps,1.30378042,103.78786798,38.0,16.0,192.1,1.38
2017-03-31-9-16-54AM,1490923014682,1490923006842,2017-03-31-9-16-46AM,network,1.3052352,103.7878325,122.4,-1.0,-1.0,-1.0
2017-03-31-9-17-04AM,1490923024064,1490923024000,2017-03-31-9-17-04AM,gps,1.30296584,103.78750754,38.0,18.0,198.9,5.6000357
2017-03-31-9-17-14AM,1490923034932,1490923034450,2017-03-31-9-17-14AM,network,1.3024261,103.7866714,600.0,-1.0,-1.0,-1.0
2017-03-31-9-17-30AM,1490923050067,1490923050000,2017-03-31-9-17-30AM,gps,1.30217983,103.78718816,44.0,11.0,192.7,4.1002684
2017-03-31-9-17-49AM,1490923069072,1490923069000,2017-03-31-9-17-49AM,gps,1.30167881,103.7869808,46.0,8.0,204.6,2.35
2017-03-31-9-17-56AM,1490923076146,1490923075832,2017-03-31-9-17-55AM,network,1.3024261,103.7866714,600.0,-1.0,-1.0,-1.0
2017-03-31-9-18-14AM,1490923094073,1490923094000,2017-03-31-9-18-14AM,gps,1.30165502,103.787228,51.0,13.0,125.7,0.42755115
2017-03-31-9-18-29AM,1490923109072,1490923109000,2017-03-31-9-18-29AM,gps,1.30164697,103.78708575,32.0,19.0,237.5,0.9773945
2017-03-31-9-18-37AM,1490923117203,1490923116869,2017-03-31-9-18-36AM,network,1.2992577,103.7881982,128.9,-1.0,-1.0,-1.0
2017-03-31-9-18-47AM,1490923127075,1490923127000,2017-03-31-9-18-47AM,gps,1.30163322,103.78721511,50.0,18.0,133.9,0.84011906
2017-03-31-9-18-56AM,1490923136947,1490923135834,2017-03-31-9-18-55AM,network,1.2989065,103.7881202,50.0,-1.0,-1.0,-1.0
2017-03-31-9-19-03AM,1490923143065,1490923143000,2017-03-31-9-19-03AM,gps,1.30130915,103.78731137,47.0,13.0,198.4,5.651274
2017-03-31-9-19-17AM,1490923157122,1490923156888,2017-03-31-9-19-16AM,network,1.30041,103.7874411,50.0,-1.0,-1.0,-1.0
2017-03-31-9-19-34AM,1490923174069,1490923174000,2017-03-31-9-19-34AM,gps,1.29988375,103.7860389,79.0,18.0,225.1,4.8205085
2017-03-31-9-19-47AM,1490923187063,1490923187000,2017-03-31-9-19-47AM,gps,1.30007144,103.78583545,38.0,18.0,212.8,4.7308564
2017-03-31-9-19-57AM,1490923197451,1490923195942,2017-03-31-9-19-55AM,network,1.2996143,103.7858113,50.0,-1.0,-1.0,-1.0
2017-03-31-9-20-12AM,1490923212055,1490923212000,2017-03-31-9-20-12AM,gps,1.29868871,103.78531977,35.0,17.0,203.6,3.0400164
2017-03-31-9-20-17AM,1490923217467,1490923216979,2017-03-31-9-20-16AM,network,1.2978218,103.7858566,50.0,-1.0,-1.0,-1.0
2017-03-31-9-20-33AM,1490923233069,1490923233000,2017-03-31-9-20-33AM,gps,1.29861929,103.78515341,43.0,43.0,116.0,0.9400532
2017-03-31-9-20-43AM,1490923243071,1490923243000,2017-03-31-9-20-43AM,gps,1.29814532,103.78540856,40.0,62.0,186.3,5.2100096
2017-03-31-9-20-57AM,1490923257185,1490923255608,2017-03-31-9-20-55AM,network,1.2967583,103.7863546,25.671,-1.0,-1.0,-1.0
2017-03-31-9-21-15AM,1490923275070,1490923275000,2017-03-31-9-21-15AM,gps,1.29498884,103.78587098,47.0,73.0,199.1,8.832044
2017-03-31-9-21-32AM,1490923292071,1490923292000,2017-03-31-9-21-32AM,gps,1.29469226,103.78597394,30.0,65.0,203.9,0.7510659
2017-03-31-9-21-37AM,1490923297468,1490923297131,2017-03-31-9-21-37AM,network,1.2945275,103.7863093,800.0,-1.0,-1.0,-1.0
2017-03-31-9-21-43AM,1490923303059,1490923303000,2017-03-31-9-21-43AM,gps,1.2946728,103.78582858,30.0,74.0,297.7,0.22022715
2017-03-31-9-21-57AM,1490923317386,1490923317155,2017-03-31-9-21-57AM,network,1.2945275,103.7863093,800.0,-1.0,-1.0,-1.0
2017-03-31-9-22-12AM,1490923332066,1490923332000,2017-03-31-9-22-12AM,gps,1.29474912,103.78584728,39.0,72.0,354.1,0.6400781
2017-03-31-9-22-17AM,1490923337248,1490923337175,2017-03-31-9-22-17AM,network,1.2951187,103.7852227,600.0,-1.0,-1.0,-1.0
2017-03-31-9-22-29AM,1490923349065,1490923349000,2017-03-31-9-22-29AM,gps,1.29437141,103.78604192,51.0,40.0,163.0,1.2601984
2017-03-31-9-22-41AM,1490923361088,1490923357184,2017-03-31-9-22-37AM,network,1.2945275,103.7863093,800.0,-1.0,-1.0,-1.0
2017-03-31-9-22-54AM,1490923374071,1490923374000,2017-03-31-9-22-54AM,gps,1.29375117,103.78502896,29.0,35.0,329.6,6.32
2017-03-31-9-23-05AM,1490923385093,1490923385000,2017-03-31-9-23-05AM,gps,1.29421123,103.78491797,37.0,46.0,349.7,4.870164
2017-03-31-9-23-17AM,1490923397848,1490923396557,2017-03-31-9-23-16AM,network,1.2945739,103.7845437,34.175,-1.0,-1.0,-1.0
2017-03-31-9-23-35AM,1490923415059,1490923415000,2017-03-31-9-23-35AM,gps,1.29467307,103.78444403,27.0,30.0,297.2,1.3354026
2017-03-31-9-23-54AM,1490923434069,1490923434000,2017-03-31-9-23-54AM,gps,1.29470899,103.78431502,34.0,31.0,315.1,0.9013878
2017-03-31-9-24-13AM,1490923453063,1490923453000,2017-03-31-9-24-13AM,gps,1.29499464,103.7841999,29.0,34.0,331.6,0.64195013
2017-03-31-9-24-23AM,1490923463069,1490923463000,2017-03-31-9-24-23AM,gps,1.29543613,103.78416948,13.0,27.0,340.1,2.0811775
2017-03-31-9-24-35AM,1490923475088,1490923475000,2017-03-31-9-24-35AM,gps,1.29581801,103.78390893,35.0,27.0,323.8,4.9701605
2017-03-31-9-24-54AM,1490923494087,1490923494000,2017-03-31-9-24-54AM,gps,1.29619362,103.7834266,22.0,42.0,291.6,3.8125713
2017-03-31-9-25-14AM,1490923514078,1490923514000,2017-03-31-9-25-14AM,gps,1.29681718,103.78233317,37.0,47.0,291.2,5.0401587
2017-03-31-9-25-33AM,1490923533088,1490923533000,2017-03-31-9-25-33AM,gps,1.2971825,103.78126587,21.0,45.0,289.6,5.01009
2017-03-31-9-25-39AM,1490923539523,1490923539207,2017-03-31-9-25-39AM,network,7.8619888,98.3438422,104.1,-1.0,-1.0,-1.0
2017-03-31-9-26-00AM,1490923560071,1490923560000,2017-03-31-9-26-00AM,gps,1.29710088,103.78079897,47.0,46.0,255.6,0.99
2017-03-31-9-26-19AM,1490923579063,1490923579000,2017-03-31-9-26-19AM,gps,1.29756697,103.7804888,45.0,46.0,294.4,0.99
2017-03-31-9-26-47AM,1490923607053,1490923607000,2017-03-31-9-26-47AM,gps,1.29730245,103.78009251,48.0,72.0,252.2,6.262045
2017-03-31-9-27-05AM,1490923625077,1490923625000,2017-03-31-9-27-05AM,gps,1.29718626,103.77914618,43.0,59.0,269.4,5.63
2017-03-31-9-27-25AM,1490923645063,1490923645000,2017-03-31-9-27-25AM,gps,1.29726299,103.77880644,41.0,67.0,310.7,0.8400595
2017-03-31-9-27-42AM,1490923662077,1490923662000,2017-03-31-9-27-42AM,gps,1.29721246,103.778722,36.0,64.0,331.9,1.020441
2017-03-31-9-27-49AM,1490923669409,1490923663432,2017-03-31-9-27-43AM,network,1.29702,103.7787491,25.336,-1.0,-1.0,-1.0
2017-03-31-9-28-03AM,1490923683086,1490923683000,2017-03-31-9-28-03AM,gps,1.2973361,103.77812575,31.0,68.0,292.2,5.1600385
2017-03-31-9-28-12AM,1490923692409,1490923691796,2017-03-31-9-28-11AM,network,1.2969468,103.7787491,25.194,-1.0,-1.0,-1.0
2017-03-31-9-28-22AM,1490923702105,1490923702000,2017-03-31-9-28-22AM,gps,1.29765414,103.77761365,38.0,70.0,312.5,5.9102116
2017-03-31-9-28-30AM,1490923710496,1490923707530,2017-03-31-9-28-27AM,network,1.2981647,103.7768025,23.197,-1.0,-1.0,-1.0
2017-03-31-9-28-42AM,1490923722067,1490923722000,2017-03-31-9-28-42AM,gps,1.29855258,103.77627683,35.0,68.0,281.9,7.1100073
2017-03-31-9-28-50AM,1490923730624,1490923727749,2017-03-31-9-28-47AM,network,1.2985693,103.7763951,22.747,-1.0,-1.0,-1.0
2017-03-31-9-29-13AM,1490923753076,1490923753000,2017-03-31-9-29-13AM,gps,1.29869025,103.77571264,55.0,52.0,273.9,2.7604527
2017-03-31-9-29-31AM,1490923771068,1490923771000,2017-03-31-9-29-31AM,gps,1.29893993,103.77489227,38.0,36.0,306.9,3.92
2017-03-31-9-29-45AM,1490923785047,1490923767819,2017-03-31-9-29-27AM,network,1.2987252,103.7746749,33.594,-1.0,-1.0,-1.0
2017-03-31-9-29-51AM,1490923791084,1490923787817,2017-03-31-9-29-47AM,network,1.2988735,103.7743128,22.572,-1.0,-1.0,-1.0
2017-03-31-9-29-59AM,1490923799055,1490923799000,2017-03-31-9-29-59AM,gps,1.29889944,103.77418834,46.0,41.0,272.5,2.1800919
2017-03-31-9-30-10AM,1490923810562,1490923807900,2017-03-31-9-30-07AM,network,1.2989234,103.7741612,64.1,-1.0,-1.0,-1.0
2017-03-31-9-30-19AM,1490923819070,1490923819000,2017-03-31-9-30-19AM,gps,1.29879305,103.77408007,46.0,43.0,182.3,1.9204166
2017-03-31-9-30-31AM,1490923831058,1490923827766,2017-03-31-9-30-27AM,network,1.2989482,103.7740412,50.0,-1.0,-1.0,-1.0
2017-03-31-9-30-39AM,1490923839059,1490923839000,2017-03-31-9-30-39AM,gps,1.29867099,103.77370544,46.0,47.0,254.2,4.68
2017-03-31-9-30-51AM,1490923851079,1490923847689,2017-03-31-9-30-47AM,network,1.2978922,103.7731811,22.525,-1.0,-1.0,-1.0
2017-03-31-9-31-11AM,1490923871110,1490923867223,2017-03-31-9-31-07AM,network,1.2971995,103.7727737,24.854,-1.0,-1.0,-1.0
2017-03-31-9-31-30AM,1490923890058,1490923890000,2017-03-31-9-31-30AM,gps,1.29662204,103.77252107,45.0,44.0,190.1,3.25
2017-03-31-9-31-44AM,1490923904089,1490923904000,2017-03-31-9-31-44AM,gps,1.29641887,103.77239416,7.0,41.0,128.7,1.4512409
2017-03-31-9-31-52AM,1490923912147,1490923907612,2017-03-31-9-31-47AM,network,1.2972015,103.7724115,35.301,-1.0,-1.0,-1.0
2017-03-31-9-32-05AM,1490923925072,1490923925000,2017-03-31-9-32-05AM,gps,1.29635861,103.77246874,15.0,39.0,111.5,1.5703502
2017-03-31-9-32-12AM,1490923932178,1490923927823,2017-03-31-9-32-07AM,network,1.2969427,103.7729095,29.166,-1.0,-1.0,-1.0
2017-03-31-9-32-26AM,1490923946069,1490923946000,2017-03-31-9-32-26AM,gps,1.29627876,103.77286347,28.0,67.0,96.9,0.58034474
2017-03-31-9-32-32AM,1490923952189,1490923947885,2017-03-31-9-32-27AM,network,1.2966127,103.7730453,50.0,-1.0,-1.0,-1.0
2017-03-31-9-32-52AM,1490923972648,1490923971101,2017-03-31-9-32-51AM,network,1.2962479,103.7728642,24.022,-1.0,-1.0,-1.0
2017-03-31-9-33-06AM,1490923986055,1490923986000,2017-03-31-9-33-06AM,gps,1.29615615,103.77289993,86.0,51.0,58.6,0.26
2017-03-31-9-33-12AM,1490923992266,1490923985257,2017-03-31-9-33-05AM,network,1.2961006,103.7730453,22.927,-1.0,-1.0,-1.0
2017-03-31-9-33-33AM,1490924013346,1490924007801,2017-03-31-9-33-27AM,network,1.296026,103.7733169,31.606,-1.0,-1.0,-1.0
2017-03-31-9-33-51AM,1490924031074,1490924031000,2017-03-31-9-33-51AM,gps,1.29581966,103.77319961,54.0,61.0,167.2,1.2906587
2017-03-31-9-34-02AM,1490924042079,1490924042000,2017-03-31-9-34-02AM,gps,1.29576306,103.77323243,53.0,54.0,209.3,0.490408
2017-03-31-9-34-13AM,1490924053338,1490924047743,2017-03-31-9-34-07AM,network,1.295807,103.7732263,25.658,-1.0,-1.0,-1.0
2017-03-31-9-34-33AM,1490924073399,1490924067731,2017-03-31-9-34-27AM,network,1.2955871,103.7733169,24.002,-1.0,-1.0,-1.0
2017-03-31-9-34-53AM,1490924093432,1490924088081,2017-03-31-9-34-48AM,network,1.2954039,103.7733621,23.148,-1.0,-1.0,-1.0
2017-03-31-9-35-07AM,1490924107091,1490924107000,2017-03-31-9-35-07AM,gps,1.29525498,103.77345776,18.0,52.0,213.4,0.4464303
2017-03-31-9-35-13AM,1490924113505,1490924108016,2017-03-31-9-35-08AM,network,1.2954039,103.7733621,21.937,-1.0,-1.0,-1.0
2017-03-31-9-35-25AM,1490924125243,1490924121608,2017-03-31-9-35-21AM,network,1.2951491,103.7731358,36.906,-1.0,-1.0,-1.0
2017-03-31-9-35-35AM,1490924135991,1490924135976,2017-03-31-9-35-35AM,network,1.2955522,103.773,28.696,-1.0,-1.0,-1.0
2017-03-31-9-35-48AM,1490924148067,1490924148000,2017-03-31-9-35-48AM,gps,1.29534521,103.77339253,23.0,36.0,71.4,1.8890474
2017-03-31-9-35-55AM,1490924155372,1490924148143,2017-03-31-9-35-48AM,network,1.2956577,103.7737696,47.667,-1.0,-1.0,-1.0
2017-03-31-9-36-07AM,1490924167072,1490924167000,2017-03-31-9-36-07AM,gps,1.29526138,103.77367267,10.0,48.0,122.5,0.62201285
2017-03-31-9-36-15AM,1490924175398,1490924168236,2017-03-31-9-36-08AM,network,1.2952203,103.7734979,29.426,-1.0,-1.0,-1.0
2017-03-31-9-36-30AM,1490924190064,1490924190000,2017-03-31-9-36-30AM,gps,1.29515906,103.77371076,39.0,35.0,151.1,1.320038
2017-03-31-9-36-40AM,1490924200820,1490924200492,2017-03-31-9-36-40AM,network,1.2949272,103.7735885,22.111,-1.0,-1.0,-1.0
2017-03-31-9-36-47AM,1490924207063,1490924207000,2017-03-31-9-36-47AM,gps,1.29493475,103.77361931,11.0,27.0,46.0,0.920489
2017-03-31-9-36-57AM,1490924217060,1490924217000,2017-03-31-9-36-57AM,gps,1.29495613,103.77371308,14.0,27.0,86.4,1.6414932
2017-03-31-9-37-16AM,1490924236503,1490924228530,2017-03-31-9-37-08AM,network,1.2947072,103.773679,22.572,-1.0,-1.0,-1.0
2017-03-31-9-37-36AM,1490924256491,1490924248618,2017-03-31-9-37-28AM,network,1.2949988,103.7738601,22.108,-1.0,-1.0,-1.0
2017-03-31-9-37-56AM,1490924276519,1490924268653,2017-03-31-9-37-48AM,network,1.2949257,103.7738601,22.754,-1.0,-1.0,-1.0
2017-03-31-9-38-16AM,1490924296531,1490924288698,2017-03-31-9-38-08AM,network,1.2949262,103.7737696,22.111,-1.0,-1.0,-1.0
2017-03-31-9-38-36AM,1490924316521,1490924308747,2017-03-31-9-38-28AM,network,1.2949988,103.7738601,22.123,-1.0,-1.0,-1.0
2017-03-31-9-38-56AM,1490924336529,1490924328789,2017-03-31-9-38-48AM,network,1.2949988,103.7738601,22.121,-1.0,-1.0,-1.0
2017-03-31-9-39-16AM,1490924356598,1490924348824,2017-03-31-9-39-08AM,network,1.294962,103.7739054,21.953,-1.0,-1.0,-1.0
2017-03-31-9-39-37AM,1490924377599,1490924368855,2017-03-31-9-39-28AM,network,1.2949257,103.7738601,22.912,-1.0,-1.0,-1.0
2017-03-31-9-39-58AM,1490924398987,1490924398935,2017-03-31-9-39-58AM,network,1.2949988,103.7738601,22.411,-1.0,-1.0,-1.0
2017-03-31-9-40-19AM,1490924419025,1490924408913,2017-03-31-9-40-08AM,network,1.2949988,103.7738601,22.12,-1.0,-1.0,-1.0
2017-03-31-9-40-39AM,1490924439028,1490924428979,2017-03-31-9-40-28AM,network,1.2949257,103.7738601,23.65,-1.0,-1.0,-1.0
2017-03-31-9-40-59AM,1490924459050,1490924449028,2017-03-31-9-40-49AM,network,1.2949988,103.7738601,22.113,-1.0,-1.0,-1.0
2017-03-31-9-41-19AM,1490924479087,1490924469068,2017-03-31-9-41-09AM,network,1.2949988,103.7738601,22.11,-1.0,-1.0,-1.0
2017-03-31-9-41-39AM,1490924499100,1490924489115,2017-03-31-9-41-29AM,network,1.2949257,103.7738601,22.75,-1.0,-1.0,-1.0
2017-03-31-9-41-59AM,1490924519234,1490924519180,2017-03-31-9-41-59AM,network,1.2949988,103.7738601,22.123,-1.0,-1.0,-1.0
2017-03-31-9-42-19AM,1490924539299,1490924529199,2017-03-31-9-42-09AM,network,1.2949988,103.7738601,22.12,-1.0,-1.0,-1.0
2017-03-31-9-42-39AM,1490924559294,1490924559240,2017-03-31-9-42-39AM,network,1.2949262,103.7737696,23.647,-1.0,-1.0,-1.0
2017-03-31-9-42-59AM,1490924579328,1490924569264,2017-03-31-9-42-49AM,network,1.294853,103.7737696,22.106,-1.0,-1.0,-1.0
2017-03-31-9-43-19AM,1490924599347,1490924589306,2017-03-31-9-43-09AM,network,1.2949257,103.7738601,22.757,-1.0,-1.0,-1.0
2017-03-31-9-43-39AM,1490924619374,1490924609350,2017-03-31-9-43-29AM,network,1.2949988,103.7738601,22.124,-1.0,-1.0,-1.0
2017-03-31-9-43-59AM,1490924639453,1490924639400,2017-03-31-9-43-59AM,network,1.2949262,103.7737696,23.654,-1.0,-1.0,-1.0
2017-03-31-9-44-19AM,1490924659488,1490924649411,2017-03-31-9-44-09AM,network,1.2949988,103.7738601,23.624,-1.0,-1.0,-1.0
2017-03-31-9-44-39AM,1490924679476,1490924669467,2017-03-31-9-44-29AM,network,1.2949988,103.7738601,22.123,-1.0,-1.0,-1.0
2017-03-31-9-44-59AM,1490924699521,1490924689516,2017-03-31-9-44-49AM,network,1.2949988,103.7738601,22.111,-1.0,-1.0,-1.0
2017-03-31-9-45-19AM,1490924719749,1490924709565,2017-03-31-9-45-09AM,network,1.2949988,103.7738601,22.11,-1.0,-1.0,-1.0
2017-03-31-9-45-39AM,1490924739607,1490924729583,2017-03-31-9-45-29AM,network,1.2949262,103.7737696,24.488,-1.0,-1.0,-1.0
2017-03-31-9-45-59AM,1490924759741,1490924759683,2017-03-31-9-45-59AM,network,1.2949988,103.7738601,22.118,-1.0,-1.0,-1.0
2017-03-31-9-46-19AM,1490924779771,1490924769700,2017-03-31-9-46-09AM,network,1.2949988,103.7738601,22.101,-1.0,-1.0,-1.0
2017-03-31-9-46-39AM,1490924799795,1490924799748,2017-03-31-9-46-39AM,network,1.2949988,103.7738601,22.108,-1.0,-1.0,-1.0
2017-03-31-9-46-59AM,1490924819844,1490924809758,2017-03-31-9-46-49AM,network,1.2949988,103.7738601,22.122,-1.0,-1.0,-1.0
2017-03-31-9-47-19AM,1490924839858,1490924829809,2017-03-31-9-47-09AM,network,1.294853,103.7737696,22.108,-1.0,-1.0,-1.0
2017-03-31-9-47-39AM,1490924859870,1490924849859,2017-03-31-9-47-29AM,network,1.294853,103.7737696,22.1,-1.0,-1.0,-1.0
2017-03-31-9-47-59AM,1490924879975,1490924879922,2017-03-31-9-47-59AM,network,1.2949988,103.7738601,22.118,-1.0,-1.0,-1.0
2017-03-31-9-48-20AM,1490924900033,1490924889941,2017-03-31-9-48-09AM,network,1.2949988,103.7738601,22.121,-1.0,-1.0,-1.0
2017-03-31-9-48-40AM,1490924920044,1490924919983,2017-03-31-9-48-39AM,network,1.2949988,103.7738601,22.121,-1.0,-1.0,-1.0
2017-03-31-9-49-00AM,1490924940109,1490924940052,2017-03-31-9-49-00AM,network,1.2949988,103.7738601,22.117,-1.0,-1.0,-1.0
2017-03-31-9-49-20AM,1490924960146,1490924950065,2017-03-31-9-49-10AM,network,1.2949988,103.7738601,22.113,-1.0,-1.0,-1.0
2017-03-31-9-49-40AM,1490924980162,1490924970072,2017-03-31-9-49-30AM,network,1.2949988,103.7738601,22.39,-1.0,-1.0,-1.0
2017-03-31-9-50-00AM,1490925000193,1490925000142,2017-03-31-9-50-00AM,network,1.2949257,103.7738601,22.753,-1.0,-1.0,-1.0
2017-03-31-9-50-20AM,1490925020260,1490925010182,2017-03-31-9-50-10AM,network,1.2949988,103.7738601,22.112,-1.0,-1.0,-1.0
2017-03-31-9-50-40AM,1490925040337,1490925030226,2017-03-31-9-50-30AM,network,1.2949988,103.7738601,22.121,-1.0,-1.0,-1.0
2017-03-31-9-51-00AM,1490925060291,1490925050268,2017-03-31-9-50-50AM,network,1.2949988,103.7738601,22.125,-1.0,-1.0,-1.0
2017-03-31-9-51-20AM,1490925080354,1490925070304,2017-03-31-9-51-10AM,network,1.2949988,103.7738601,22.1,-1.0,-1.0,-1.0
2017-03-31-9-51-40AM,1490925100359,1490925090368,2017-03-31-9-51-30AM,network,1.2949262,103.7737696,22.853,-1.0,-1.0,-1.0
2017-03-31-9-52-00AM,1490925120351,1490925110365,2017-03-31-9-51-50AM,network,1.2949988,103.7738601,22.115,-1.0,-1.0,-1.0
2017-03-31-9-52-20AM,1490925140425,1490925130440,2017-03-31-9-52-10AM,network,1.2949988,103.7738601,22.1,-1.0,-1.0,-1.0
2017-03-31-9-52-40AM,1490925160422,1490925150497,2017-03-31-9-52-30AM,network,1.2949988,103.7738601,22.12,-1.0,-1.0,-1.0
2017-03-31-9-53-00AM,1490925180621,1490925180562,2017-03-31-9-53-00AM,network,1.2949257,103.7738601,23.226,-1.0,-1.0,-1.0
2017-03-31-9-53-20AM,1490925200652,1490925190582,2017-03-31-9-53-10AM,network,1.2949257,103.7738601,23.229,-1.0,-1.0,-1.0
2017-03-31-9-53-40AM,1490925220643,1490925220574,2017-03-31-9-53-40AM,network,1.2949257,103.7738601,22.859,-1.0,-1.0,-1.0
2017-03-31-9-54-00AM,1490925240655,1490925230647,2017-03-31-9-53-50AM,network,1.2949262,103.7737696,22.858,-1.0,-1.0,-1.0
2017-03-31-9-54-20AM,1490925260684,1490925250705,2017-03-31-9-54-10AM,network,1.2949988,103.7738601,24.073,-1.0,-1.0,-1.0
2017-03-31-9-54-36AM,1490925276064,1490925276000,2017-03-31-9-54-36AM,gps,1.29496886,103.77396,49.0,14.0,87.3,1.2010412
2017-03-31-9-54-50AM,1490925290053,1490925290000,2017-03-31-9-54-50AM,gps,1.2946764,103.77393158,27.0,41.0,142.4,0.40261644
2017-03-31-9-55-00AM,1490925300085,1490925300000,2017-03-31-9-55-00AM,gps,1.29446976,103.77377,17.0,57.0,144.7,1.01
2017-03-31-9-55-15AM,1490925315255,1490925309810,2017-03-31-9-55-09AM,network,1.2946331,103.7738601,23.384,-1.0,-1.0,-1.0
2017-03-31-9-55-20AM,1490925320761,1490925320744,2017-03-31-9-55-20AM,network,1.2944858,103.7740412,24.293,-1.0,-1.0,-1.0
2017-03-31-9-56-00AM,1490925360780,1490925359466,2017-03-31-9-55-59AM,network,1.2942295,103.7740864,21.931,-1.0,-1.0,-1.0
2017-03-31-9-56-20AM,1490925380788,1490925380627,2017-03-31-9-56-20AM,network,1.2942653,103.7742222,26.498,-1.0,-1.0,-1.0
2017-03-31-9-56-41AM,1490925401058,1490925399755,2017-03-31-9-56-39AM,network,1.2939006,103.7740412,22.109,-1.0,-1.0,-1.0
2017-03-31-9-57-00AM,1490925420807,1490925410669,2017-03-31-9-56-50AM,network,1.2939369,103.7740864,21.955,-1.0,-1.0,-1.0
2017-03-31-9-57-10AM,1490925430217,1490925425800,2017-03-31-9-57-05AM,network,1.2939722,103.7743128,22.903,-1.0,-1.0,-1.0
2017-03-31-9-57-21AM,1490925441951,1490925440032,2017-03-31-9-57-20AM,network,1.2939717,103.7744033,22.087,-1.0,-1.0,-1.0
2017-03-31-9-57-41AM,1490925461842,1490925453495,2017-03-31-9-57-33AM,network,1.2938981,103.7744938,23.195,-1.0,-1.0,-1.0
2017-03-31-9-58-01AM,1490925481845,1490925480662,2017-03-31-9-58-00AM,network,1.294118,103.7744033,22.099,-1.0,-1.0,-1.0
2017-03-31-9-58-21AM,1490925501933,1490925500870,2017-03-31-9-58-20AM,network,1.2942643,103.7744033,22.872,-1.0,-1.0,-1.0
2017-03-31-9-58-40AM,1490925520073,1490925520000,2017-03-31-9-58-40AM,gps,1.29481078,103.77512885,113.0,60.0,28.1,2.0629346
2017-03-31-9-58-53AM,1490925533071,1490925533000,2017-03-31-9-58-53AM,gps,1.29459239,103.7744136,11.0,47.0,332.1,1.4809794
2017-03-31-9-59-01AM,1490925541922,1490925539212,2017-03-31-9-58-59AM,network,1.2945937,103.774358,26.454,-1.0,-1.0,-1.0
2017-03-31-9-59-13AM,1490925553066,1490925553000,2017-03-31-9-59-13AM,gps,1.29482339,103.77425274,17.0,43.0,304.2,1.8071247
2017-03-31-9-59-23AM,1490925563086,1490925563000,2017-03-31-9-59-23AM,gps,1.29490853,103.77413329,18.0,45.0,307.9,1.5592947
2017-03-31-9-59-33AM,1490925573070,1490925573000,2017-03-31-9-59-33AM,gps,1.29496788,103.77403888,10.0,54.0,315.9,1.3594484
2017-03-31-9-59-43AM,1490925583061,1490925583000,2017-03-31-9-59-43AM,gps,1.29505491,103.77397128,17.0,49.0,314.1,1.4600343
2017-03-31-9-59-54AM,1490925594078,1490925594000,2017-03-31-9-59-54AM,gps,1.29515275,103.77388459,24.0,50.0,298.3,1.3631214
2017-03-31-10-00-04AM,1490925604081,1490925604000,2017-03-31-10-00-04AM,gps,1.2952395,103.77385344,18.0,55.0,316.2,1.2448695
2017-03-31-10-00-23AM,1490925623073,1490925623000,2017-03-31-10-00-23AM,gps,1.29546233,103.77370883,17.0,40.0,333.9,1.6650826
2017-03-31-10-00-33AM,1490925633075,1490925633000,2017-03-31-10-00-33AM,gps,1.29562937,103.77363102,13.0,38.0,317.8,1.786309
2017-03-31-10-00-44AM,1490925644384,1490925640999,2017-03-31-10-00-40AM,network,1.2955861,103.7734979,22.827,-1.0,-1.0,-1.0
2017-03-31-10-00-52AM,1490925652063,1490925652000,2017-03-31-10-00-52AM,gps,1.29559749,103.77373604,9.0,56.0,87.1,0.25
2017-03-31-10-01-03AM,1490925663111,1490925663000,2017-03-31-10-01-03AM,gps,1.29567691,103.77369635,12.0,48.0,2.0,1.48
2017-03-31-10-01-13AM,1490925673067,1490925673000,2017-03-31-10-01-13AM,gps,1.29585995,103.77367578,9.0,51.0,343.5,1.3013839
2017-03-31-10-01-23AM,1490925683083,1490925683000,2017-03-31-10-01-23AM,gps,1.29595433,103.77362852,11.0,35.0,331.4,1.6514841
2017-03-31-10-01-33AM,1490925693072,1490925693000,2017-03-31-10-01-33AM,gps,1.29603991,103.77355162,15.0,43.0,283.1,0.9002222
2017-03-31-10-01-44AM,1490925704445,1490925701114,2017-03-31-10-01-41AM,network,1.2958055,103.7734979,42.026,-1.0,-1.0,-1.0
2017-03-31-10-01-52AM,1490925712062,1490925712000,2017-03-31-10-01-52AM,gps,1.29605831,103.77336587,9.0,48.0,284.8,0.5063595
2017-03-31-10-02-03AM,1490925723103,1490925723000,2017-03-31-10-02-03AM,gps,1.29614449,103.77357411,10.0,48.0,38.5,0.27784887
2017-03-31-10-02-22AM,1490925742056,1490925742000,2017-03-31-10-02-22AM,gps,1.29620372,103.77353152,8.0,42.0,2.0,1.3489255
2017-03-31-10-02-33AM,1490925753076,1490925753000,2017-03-31-10-02-33AM,gps,1.2961089,103.77340365,9.0,56.0,-1.0,0.13
2017-03-31-10-02-45AM,1490925765485,1490925761223,2017-03-31-10-02-41AM,network,1.2959523,103.7734074,24.632,-1.0,-1.0,-1.0
2017-03-31-10-02-53AM,1490925773072,1490925773000,2017-03-31-10-02-53AM,gps,1.29609772,103.77341773,11.0,43.0,-1.0,0.0
2017-03-31-10-03-03AM,1490925783052,1490925783000,2017-03-31-10-03-03AM,gps,1.29610227,103.77344477,16.0,42.0,-1.0,0.0
2017-03-31-10-03-13AM,1490925793066,1490925793000,2017-03-31-10-03-13AM,gps,1.2960715,103.7734688,9.0,43.0,-1.0,0.0
2017-03-31-10-03-25AM,1490925805516,1490925801361,2017-03-31-10-03-21AM,network,1.2959528,103.7733169,23.98,-1.0,-1.0,-1.0
2017-03-31-10-03-32AM,1490925812065,1490925812000,2017-03-31-10-03-32AM,gps,1.29618808,103.77362366,7.0,30.0,99.9,0.93048376
2017-03-31-10-03-42AM,1490925822094,1490925822000,2017-03-31-10-03-42AM,gps,1.29614079,103.77351891,6.0,39.0,-1.0,0.13
2017-03-31-10-03-52AM,1490925832054,1490925832000,2017-03-31-10-03-52AM,gps,1.2961206,103.77347569,8.0,39.0,-1.0,0.1
2017-03-31-10-04-02AM,1490925842065,1490925842000,2017-03-31-10-04-02AM,gps,1.29610342,103.77345192,9.0,45.0,132.0,0.2059126
2017-03-31-10-04-13AM,1490925853090,1490925853000,2017-03-31-10-04-13AM,gps,1.29608289,103.77348653,14.0,50.0,-1.0,0.0
2017-03-31-10-04-23AM,1490925863074,1490925863000,2017-03-31-10-04-23AM,gps,1.29606629,103.77350351,16.0,56.0,-1.0,0.0
2017-03-31-10-04-34AM,1490925874057,1490925874000,2017-03-31-10-04-34AM,gps,1.29613592,103.77368049,26.0,67.0,-1.0,0.0
2017-03-31-10-04-44AM,1490925884066,1490925884000,2017-03-31-10-04-44AM,gps,1.29611909,103.77362914,19.0,58.0,-1.0,0.0
2017-03-31-10-05-03AM,1490925903067,1490925903000,2017-03-31-10-05-03AM,gps,1.29611727,103.7735474,13.0,64.0,-1.0,0.0
2017-03-31-10-05-13AM,1490925913081,1490925913000,2017-03-31-10-05-13AM,gps,1.29612691,103.77353973,10.0,65.0,-1.0,0.0
2017-03-31-10-05-23AM,1490925923070,1490925923000,2017-03-31-10-05-23AM,gps,1.29612513,103.77353149,11.0,56.0,-1.0,0.0
2017-03-31-10-05-33AM,1490925933072,1490925933000,2017-03-31-10-05-33AM,gps,1.29611849,103.77353632,9.0,65.0,-1.0,0.0
2017-03-31-10-05-43AM,1490925943065,1490925943000,2017-03-31-10-05-43AM,gps,1.29612204,103.7735282,9.0,65.0,-1.0,0.0
2017-03-31-10-06-02AM,1490925962064,1490925962000,2017-03-31-10-06-02AM,gps,1.29612827,103.77348874,8.0,51.0,-1.0,0.0
2017-03-31-10-06-13AM,1490925973069,1490925973000,2017-03-31-10-06-13AM,gps,1.29613008,103.77350899,10.0,52.0,-1.0,0.0
2017-03-31-10-06-23AM,1490925983073,1490925983000,2017-03-31-10-06-23AM,gps,1.29612748,103.77356128,11.0,61.0,-1.0,0.0
2017-03-31-10-06-33AM,1490925993073,1490925993000,2017-03-31-10-06-33AM,gps,1.29612751,103.77357433,12.0,62.0,-1.0,0.0
2017-03-31-10-06-43AM,1490926003076,1490926003000,2017-03-31-10-06-43AM,gps,1.29612271,103.77356851,14.0,60.0,-1.0,0.0
2017-03-31-10-06-53AM,1490926013078,1490926013000,2017-03-31-10-06-53AM,gps,1.29611798,103.77356103,11.0,61.0,-1.0,0.0
2017-03-31-10-07-03AM,1490926023082,1490926023000,2017-03-31-10-07-03AM,gps,1.29611897,103.77355297,9.0,59.0,-1.0,0.0
2017-03-31-10-07-13AM,1490926033087,1490926033000,2017-03-31-10-07-13AM,gps,1.29611516,103.77355123,8.0,60.0,-1.0,0.0
2017-03-31-10-07-27AM,1490926047878,1490926041595,2017-03-31-10-07-21AM,network,1.2959523,103.7734074,31.529,-1.0,-1.0,-1.0
2017-03-31-10-07-42AM,1490926062074,1490926062000,2017-03-31-10-07-42AM,gps,1.29611155,103.77354761,6.0,58.0,-1.0,0.0
2017-03-31-10-07-47AM,1490926067897,1490926061646,2017-03-31-10-07-41AM,network,1.2959523,103.7734074,25.056,-1.0,-1.0,-1.0
2017-03-31-10-08-02AM,1490926082070,1490926082000,2017-03-31-10-08-02AM,gps,1.29611645,103.77354708,6.0,56.0,-1.0,0.0
2017-03-31-10-08-08AM,1490926088914,1490926081602,2017-03-31-10-08-01AM,network,1.2959518,103.7734979,27.744,-1.0,-1.0,-1.0
2017-03-31-10-08-22AM,1490926102060,1490926102000,2017-03-31-10-08-22AM,gps,1.29611908,103.77353572,5.0,52.0,-1.0,0.0
2017-03-31-10-08-28AM,1490926108928,1490926101772,2017-03-31-10-08-21AM,network,1.296026,103.7733169,28.138,-1.0,-1.0,-1.0
2017-03-31-10-08-42AM,1490926122066,1490926122000,2017-03-31-10-08-42AM,gps,1.29611995,103.77352221,6.0,48.0,-1.0,0.0
2017-03-31-10-08-48AM,1490926128966,1490926121848,2017-03-31-10-08-41AM,network,1.2959518,103.7734979,25.537,-1.0,-1.0,-1.0
2017-03-31-10-09-02AM,1490926142064,1490926142000,2017-03-31-10-09-02AM,gps,1.29611733,103.77351377,7.0,45.0,-1.0,0.0
2017-03-31-10-09-08AM,1490926148944,1490926148644,2017-03-31-10-09-08AM,network,1.296025,103.7734979,30.708,-1.0,-1.0,-1.0
2017-03-31-10-09-22AM,1490926162065,1490926162000,2017-03-31-10-09-22AM,gps,1.29611258,103.77351231,7.0,47.0,-1.0,0.0
2017-03-31-10-09-29AM,1490926169000,1490926161799,2017-03-31-10-09-21AM,network,1.2959518,103.7734979,26.367,-1.0,-1.0,-1.0
2017-03-31-10-09-42AM,1490926182061,1490926182000,2017-03-31-10-09-42AM,gps,1.29611032,103.77351205,9.0,47.0,-1.0,0.0
2017-03-31-10-09-49AM,1490926189026,1490926181841,2017-03-31-10-09-41AM,network,1.2958055,103.7734979,25.238,-1.0,-1.0,-1.0
2017-03-31-10-10-09AM,1490926209010,1490926201839,2017-03-31-10-10-01AM,network,1.2959518,103.7734979,22.548,-1.0,-1.0,-1.0
2017-03-31-10-10-29AM,1490926229051,1490926221820,2017-03-31-10-10-21AM,network,1.2959518,103.7734979,25.097,-1.0,-1.0,-1.0
2017-03-31-10-10-43AM,1490926243067,1490926243000,2017-03-31-10-10-43AM,gps,1.29610895,103.77350014,7.0,44.0,-1.0,0.0
2017-03-31-10-10-49AM,1490926249070,1490926241873,2017-03-31-10-10-41AM,network,1.2964649,103.7733169,31.618,-1.0,-1.0,-1.0
2017-03-31-10-11-02AM,1490926262051,1490926262000,2017-03-31-10-11-02AM,gps,1.29610669,103.77350175,9.0,46.0,-1.0,0.0
2017-03-31-10-11-10AM,1490926270065,1490926262037,2017-03-31-10-11-02AM,network,1.2959523,103.7734074,24.167,-1.0,-1.0,-1.0
2017-03-31-10-11-23AM,1490926283076,1490926283000,2017-03-31-10-11-23AM,gps,1.29610469,103.7735107,10.0,50.0,-1.0,0.0
2017-03-31-10-11-30AM,1490926290605,1490926282040,2017-03-31-10-11-22AM,network,1.2959518,103.7734979,28.213,-1.0,-1.0,-1.0
2017-03-31-10-11-50AM,1490926310615,1490926302082,2017-03-31-10-11-42AM,network,1.2959523,103.7734074,24.208,-1.0,-1.0,-1.0
2017-03-31-10-12-02AM,1490926322065,1490926322000,2017-03-31-10-12-02AM,gps,1.29610534,103.77350315,8.0,47.0,-1.0,0.0
2017-03-31-10-12-10AM,1490926330601,1490926322078,2017-03-31-10-12-02AM,network,1.296025,103.7734979,34.651,-1.0,-1.0,-1.0
2017-03-31-10-12-23AM,1490926343078,1490926343000,2017-03-31-10-12-23AM,gps,1.29610587,103.77350128,15.0,46.0,-1.0,0.0
2017-03-31-10-12-31AM,1490926351095,1490926342248,2017-03-31-10-12-22AM,network,1.2963928,103.7731358,24.972,-1.0,-1.0,-1.0
2017-03-31-10-12-51AM,1490926371007,1490926370110,2017-03-31-10-12-50AM,network,1.2963196,103.7731358,22.109,-1.0,-1.0,-1.0
2017-03-31-10-12-56AM,1490926376050,1490926376000,2017-03-31-10-12-56AM,gps,1.29610949,103.77349663,42.0,44.0,-1.0,0.0
2017-03-31-10-13-12AM,1490926392368,1490926392307,2017-03-31-10-13-12AM,network,1.2963938,103.7729547,22.083,-1.0,-1.0,-1.0
2017-03-31-10-13-26AM,1490926406070,1490926406000,2017-03-31-10-13-26AM,gps,1.29610755,103.77349338,76.0,46.0,-1.0,0.0
2017-03-31-10-13-44AM,1490926424224,1490926420762,2017-03-31-10-13-40AM,network,1.2962479,103.7728642,22.119,-1.0,-1.0,-1.0
2017-03-31-10-13-52AM,1490926432414,1490926432120,2017-03-31-10-13-52AM,network,1.2962479,103.7728642,22.121,-1.0,-1.0,-1.0
2017-03-31-10-14-12AM,1490926452411,1490926452347,2017-03-31-10-14-12AM,network,1.2962469,103.7730453,23.684,-1.0,-1.0,-1.0
2017-03-31-10-14-32AM,1490926472534,1490926468354,2017-03-31-10-14-28AM,network,1.2959912,103.773,21.95,-1.0,-1.0,-1.0
2017-03-31-10-14-52AM,1490926492512,1490926492397,2017-03-31-10-14-52AM,network,1.2959543,103.7730453,22.09,-1.0,-1.0,-1.0
2017-03-31-10-15-09AM,1490926509068,1490926509000,2017-03-31-10-15-09AM,gps,1.29611022,103.77348368,39.0,45.0,-1.0,0.0
2017-03-31-10-15-30AM,1490926530024,1490926522656,2017-03-31-10-15-22AM,network,1.2958105,103.7725926,22.41,-1.0,-1.0,-1.0
2017-03-31-10-15-53AM,1490926553559,1490926552644,2017-03-31-10-15-52AM,network,1.2955916,103.7725021,22.056,-1.0,-1.0,-1.0
2017-03-31-10-16-13AM,1490926573563,1490926572640,2017-03-31-10-16-12AM,network,1.2954089,103.7724568,21.934,-1.0,-1.0,-1.0
2017-03-31-10-16-34AM,1490926594398,1490926592576,2017-03-31-10-16-32AM,network,1.29508,103.7724115,22.866,-1.0,-1.0,-1.0
2017-03-31-10-16-54AM,1490926614551,1490926612645,2017-03-31-10-16-52AM,network,1.29486,103.7725021,22.86,-1.0,-1.0,-1.0
2017-03-31-10-17-14AM,1490926634566,1490926632627,2017-03-31-10-17-12AM,network,1.2948227,103.7726379,26.315,-1.0,-1.0,-1.0
2017-03-31-10-17-32AM,1490926652068,1490926652000,2017-03-31-10-17-32AM,gps,1.29461633,103.77220203,14.0,54.0,232.8,1.3732079
2017-03-31-10-17-42AM,1490926662074,1490926662000,2017-03-31-10-17-42AM,gps,1.29451906,103.77213595,12.0,57.0,214.7,1.8304372
2017-03-31-10-17-54AM,1490926674056,1490926674000,2017-03-31-10-17-54AM,gps,1.29439037,103.77197002,31.0,57.0,282.5,0.9
2017-03-31-10-18-04AM,1490926684089,1490926684000,2017-03-31-10-18-04AM,gps,1.29441882,103.77199667,23.0,57.0,36.8,1.0600471
2017-03-31-10-18-16AM,1490926696058,1490926692726,2017-03-31-10-18-12AM,network,1.2943152,103.7718231,22.407,-1.0,-1.0,-1.0
2017-03-31-10-18-35AM,1490926715906,1490926711861,2017-03-31-10-18-31AM,network,1.2943878,103.7719136,23.174,-1.0,-1.0,-1.0
2017-03-31-10-18-55AM,1490926735706,1490926735628,2017-03-31-10-18-55AM,network,1.2951829,103.7736337,600.0,-1.0,-1.0,-1.0
2017-03-31-10-19-15AM,1490926755751,1490926751924,2017-03-31-10-19-11AM,network,1.2943444,103.7718552,87.6,-1.0,-1.0,-1.0
2017-03-31-10-19-35AM,1490926775693,1490926775642,2017-03-31-10-19-35AM,network,1.2951829,103.7736337,600.0,-1.0,-1.0,-1.0
2017-03-31-10-19-56AM,1490926796245,1490926791912,2017-03-31-10-19-51AM,network,1.2943444,103.7718552,110.0,-1.0,-1.0,-1.0
2017-03-31-10-20-15AM,1490926815586,1490926815512,2017-03-31-10-20-15AM,network,1.2945937,103.774358,699.999,-1.0,-1.0,-1.0
2017-03-31-10-20-36AM,1490926836639,1490926836530,2017-03-31-10-20-36AM,network,1.2945937,103.774358,699.999,-1.0,-1.0,-1.0
2017-03-31-10-20-56AM,1490926856651,1490926856534,2017-03-31-10-20-56AM,network,1.2945937,103.774358,699.999,-1.0,-1.0,-1.0
2017-03-31-10-21-16AM,1490926876643,1490926876564,2017-03-31-10-21-16AM,network,1.2945937,103.774358,699.999,-1.0,-1.0,-1.0
2017-03-31-10-21-36AM,1490926896675,1490926896591,2017-03-31-10-21-36AM,network,1.2945937,103.774358,699.999,-1.0,-1.0,-1.0
2017-03-31-10-21-56AM,1490926916669,1490926911977,2017-03-31-10-21-51AM,network,1.2938678,103.7717295,135.6,-1.0,-1.0,-1.0
2017-03-31-10-22-16AM,1490926936689,1490926936620,2017-03-31-10-22-16AM,network,1.2945937,103.774358,699.999,-1.0,-1.0,-1.0
2017-03-31-10-22-36AM,1490926956739,1490926956645,2017-03-31-10-22-36AM,network,1.2945937,103.774358,699.999,-1.0,-1.0,-1.0
2017-03-31-10-22-56AM,1490926976744,1490926976680,2017-03-31-10-22-56AM,network,1.2945937,103.774358,699.999,-1.0,-1.0,-1.0
2017-03-31-10-23-16AM,1490926996757,1490926996685,2017-03-31-10-23-16AM,network,1.2945937,103.774358,699.999,-1.0,-1.0,-1.0
2017-03-31-10-23-37AM,1490927017810,1490927017753,2017-03-31-10-23-37AM,network,1.2945937,103.774358,699.999,-1.0,-1.0,-1.0
2017-03-31-10-24-00AM,1490927040102,1490927032093,2017-03-31-10-23-52AM,network,1.2943444,103.7718552,122.4,-1.0,-1.0,-1.0
2017-03-31-10-24-20AM,1490927060099,1490927060038,2017-03-31-10-24-20AM,network,1.2945937,103.774358,699.999,-1.0,-1.0,-1.0
2017-03-31-10-24-40AM,1490927080863,1490927072146,2017-03-31-10-24-32AM,network,1.2943444,103.7718552,122.4,-1.0,-1.0,-1.0
2017-03-31-10-25-00AM,1490927100862,1490927092197,2017-03-31-10-24-52AM,network,1.2943444,103.7718552,110.0,-1.0,-1.0,-1.0
2017-03-31-10-25-21AM,1490927121603,1490927121555,2017-03-31-10-25-21AM,network,1.2945937,103.774358,699.999,-1.0,-1.0,-1.0
2017-03-31-10-25-41AM,1490927141693,1490927132248,2017-03-31-10-25-32AM,network,1.2943444,103.7718552,110.0,-1.0,-1.0,-1.0
2017-03-31-10-26-01AM,1490927161669,1490927161607,2017-03-31-10-26-01AM,network,1.2945937,103.774358,699.999,-1.0,-1.0,-1.0
2017-03-31-10-26-21AM,1490927181713,1490927172290,2017-03-31-10-26-12AM,network,1.2941847,103.7723129,110.0,-1.0,-1.0,-1.0
2017-03-31-10-26-42AM,1490927202450,1490927202386,2017-03-31-10-26-42AM,network,1.2945937,103.774358,699.999,-1.0,-1.0,-1.0
2017-03-31-10-27-02AM,1490927222450,1490927222352,2017-03-31-10-27-02AM,network,1.2943444,103.7718552,110.0,-1.0,-1.0,-1.0
2017-03-31-10-27-22AM,1490927242488,1490927242403,2017-03-31-10-27-22AM,network,1.2945937,103.774358,699.999,-1.0,-1.0,-1.0
2017-03-31-10-27-42AM,1490927262636,1490927262389,2017-03-31-10-27-42AM,network,1.2943444,103.7718552,110.0,-1.0,-1.0,-1.0
2017-03-31-10-28-02AM,1490927282596,1490927282547,2017-03-31-10-28-02AM,network,1.2943444,103.7718552,122.4,-1.0,-1.0,-1.0
2017-03-31-10-28-22AM,1490927302643,1490927302560,2017-03-31-10-28-22AM,network,1.2945937,103.774358,699.999,-1.0,-1.0,-1.0
2017-03-31-10-28-42AM,1490927322698,1490927322602,2017-03-31-10-28-42AM,network,1.2945937,103.774358,699.999,-1.0,-1.0,-1.0
2017-03-31-10-29-02AM,1490927342660,1490927342605,2017-03-31-10-29-02AM,network,1.2945937,103.774358,699.999,-1.0,-1.0,-1.0
2017-03-31-10-29-22AM,1490927362679,1490927362627,2017-03-31-10-29-22AM,network,1.2945937,103.774358,699.999,-1.0,-1.0,-1.0
2017-03-31-10-29-43AM,1490927383737,1490927382615,2017-03-31-10-29-42AM,network,1.2941847,103.7723129,104.1,-1.0,-1.0,-1.0
2017-03-31-10-30-03AM,1490927403743,1490927403666,2017-03-31-10-30-03AM,network,1.2945937,103.774358,699.999,-1.0,-1.0,-1.0
2017-03-31-10-30-23AM,1490927423776,1490927423724,2017-03-31-10-30-23AM,network,1.2945937,103.774358,699.999,-1.0,-1.0,-1.0
2017-03-31-10-30-43AM,1490927443866,1490927442724,2017-03-31-10-30-42AM,network,1.2941847,103.7723129,104.1,-1.0,-1.0,-1.0
2017-03-31-10-31-03AM,1490927463897,1490927462689,2017-03-31-10-31-02AM,network,1.2943444,103.7718552,128.9,-1.0,-1.0,-1.0
2017-03-31-10-31-23AM,1490927483904,1490927482740,2017-03-31-10-31-22AM,network,1.2941847,103.7723129,110.0,-1.0,-1.0,-1.0
2017-03-31-10-31-43AM,1490927503947,1490927502847,2017-03-31-10-31-42AM,network,1.2941847,103.7723129,110.0,-1.0,-1.0,-1.0
2017-03-31-10-32-03AM,1490927523960,1490927523884,2017-03-31-10-32-03AM,network,1.2945937,103.774358,699.999,-1.0,-1.0,-1.0
2017-03-31-10-32-23AM,1490927543981,1490927543893,2017-03-31-10-32-23AM,network,1.2945937,103.774358,699.999,-1.0,-1.0,-1.0
2017-03-31-10-32-45AM,1490927565011,1490927562829,2017-03-31-10-32-42AM,network,1.2943444,103.7718552,92.9,-1.0,-1.0,-1.0
2017-03-31-10-33-05AM,1490927585009,1490927582909,2017-03-31-10-33-02AM,network,1.2943444,103.7718552,104.1,-1.0,-1.0,-1.0
2017-03-31-10-33-25AM,1490927605052,1490927604961,2017-03-31-10-33-24AM,network,1.2945937,103.774358,699.999,-1.0,-1.0,-1.0
2017-03-31-10-33-45AM,1490927625106,1490927624985,2017-03-31-10-33-44AM,network,1.2945937,103.774358,699.999,-1.0,-1.0,-1.0
2017-03-31-10-34-05AM,1490927645222,1490927643006,2017-03-31-10-34-03AM,network,1.2941847,103.7723129,104.1,-1.0,-1.0,-1.0
2017-03-31-10-34-25AM,1490927665098,1490927662978,2017-03-31-10-34-22AM,network,1.2941847,103.7723129,110.0,-1.0,-1.0,-1.0
2017-03-31-10-34-45AM,1490927685143,1490927685052,2017-03-31-10-34-45AM,network,1.2945937,103.774358,699.999,-1.0,-1.0,-1.0
2017-03-31-10-35-05AM,1490927705154,1490927703021,2017-03-31-10-35-03AM,network,1.2943444,103.7718552,122.4,-1.0,-1.0,-1.0
2017-03-31-10-35-25AM,1490927725167,1490927725093,2017-03-31-10-35-25AM,network,1.2945937,103.774358,699.999,-1.0,-1.0,-1.0
2017-03-31-10-35-45AM,1490927745217,1490927745128,2017-03-31-10-35-45AM,network,1.2945937,103.774358,699.999,-1.0,-1.0,-1.0
2017-03-31-10-36-05AM,1490927765201,1490927763120,2017-03-31-10-36-03AM,network,1.2941847,103.7723129,110.0,-1.0,-1.0,-1.0
2017-03-31-10-36-25AM,1490927785209,1490927785153,2017-03-31-10-36-25AM,network,1.2945937,103.774358,699.999,-1.0,-1.0,-1.0
2017-03-31-10-36-45AM,1490927805332,1490927803162,2017-03-31-10-36-43AM,network,1.2941847,103.7723129,110.0,-1.0,-1.0,-1.0
2017-03-31-10-37-05AM,1490927825333,1490927825265,2017-03-31-10-37-05AM,network,1.2945937,103.774358,699.999,-1.0,-1.0,-1.0
2017-03-31-10-37-25AM,1490927845361,1490927845284,2017-03-31-10-37-25AM,network,1.2945937,103.774358,699.999,-1.0,-1.0,-1.0
2017-03-31-10-37-45AM,1490927865437,1490927863290,2017-03-31-10-37-43AM,network,1.2943444,103.7718552,104.1,-1.0,-1.0,-1.0
2017-03-31-10-38-05AM,1490927885407,1490927883244,2017-03-31-10-38-03AM,network,1.2941847,103.7723129,110.0,-1.0,-1.0,-1.0
2017-03-31-10-38-26AM,1490927906619,1490927903309,2017-03-31-10-38-23AM,network,1.2943444,103.7718552,116.1,-1.0,-1.0,-1.0
2017-03-31-10-38-46AM,1490927926630,1490927926571,2017-03-31-10-38-46AM,network,1.2945937,103.774358,699.999,-1.0,-1.0,-1.0
2017-03-31-10-39-06AM,1490927946657,1490927946587,2017-03-31-10-39-06AM,network,1.2945937,103.774358,699.999,-1.0,-1.0,-1.0
2017-03-31-10-39-26AM,1490927966672,1490927963425,2017-03-31-10-39-23AM,network,1.2943444,103.7718552,122.4,-1.0,-1.0,-1.0
2017-03-31-10-39-46AM,1490927986701,1490927986615,2017-03-31-10-39-46AM,network,1.2945937,103.774358,699.999,-1.0,-1.0,-1.0
2017-03-31-10-40-06AM,1490928006716,1490928003449,2017-03-31-10-40-03AM,network,1.2943444,103.7718552,104.1,-1.0,-1.0,-1.0
2017-03-31-10-40-26AM,1490928026727,1490928023428,2017-03-31-10-40-23AM,network,1.2943444,103.7718552,110.0,-1.0,-1.0,-1.0
2017-03-31-10-40-46AM,1490928046805,1490928046673,2017-03-31-10-40-46AM,network,1.2945937,103.774358,699.999,-1.0,-1.0,-1.0
2017-03-31-10-41-06AM,1490928066764,1490928066683,2017-03-31-10-41-06AM,network,1.2945937,103.774358,699.999,-1.0,-1.0,-1.0
2017-03-31-10-41-26AM,1490928086781,1490928083535,2017-03-31-10-41-23AM,network,1.2941847,103.7723129,110.0,-1.0,-1.0,-1.0
2017-03-31-10-41-46AM,1490928106817,1490928103611,2017-03-31-10-41-43AM,network,1.2943444,103.7718552,110.0,-1.0,-1.0,-1.0
2017-03-31-10-42-06AM,1490928126824,1490928126754,2017-03-31-10-42-06AM,network,1.2945937,103.774358,699.999,-1.0,-1.0,-1.0
2017-03-31-10-42-26AM,1490928146916,1490928146762,2017-03-31-10-42-26AM,network,1.2943011,103.774358,800.0,-1.0,-1.0,-1.0
2017-03-31-10-42-46AM,1490928166860,1490928163608,2017-03-31-10-42-43AM,network,1.2943444,103.7718552,122.4,-1.0,-1.0,-1.0
2017-03-31-10-43-06AM,1490928186866,1490928186811,2017-03-31-10-43-06AM,network,1.2945937,103.774358,699.999,-1.0,-1.0,-1.0
2017-03-31-10-43-26AM,1490928206897,1490928206823,2017-03-31-10-43-26AM,network,1.2945937,103.774358,699.999,-1.0,-1.0,-1.0
2017-03-31-10-43-46AM,1490928226942,1490928226837,2017-03-31-10-43-46AM,network,1.2945937,103.774358,699.999,-1.0,-1.0,-1.0
2017-03-31-10-44-06AM,1490928246925,1490928243883,2017-03-31-10-44-03AM,network,1.2943444,103.7718552,98.4,-1.0,-1.0,-1.0
2017-03-31-10-44-26AM,1490928266939,1490928263766,2017-03-31-10-44-23AM,network,1.2943444,103.7718552,104.1,-1.0,-1.0,-1.0
2017-03-31-10-44-46AM,1490928286996,1490928283852,2017-03-31-10-44-43AM,network,1.2943444,103.7718552,116.1,-1.0,-1.0,-1.0
2017-03-31-10-45-07AM,1490928307003,1490928306924,2017-03-31-10-45-06AM,network,1.2945937,103.774358,699.999,-1.0,-1.0,-1.0
2017-03-31-10-45-27AM,1490928327024,1490928323981,2017-03-31-10-45-23AM,network,1.2941847,103.7723129,116.1,-1.0,-1.0,-1.0
2017-03-31-10-45-47AM,1490928347124,1490928344045,2017-03-31-10-45-44AM,network,1.2943444,103.7718552,116.1,-1.0,-1.0,-1.0
2017-03-31-10-46-07AM,1490928367123,1490928363905,2017-03-31-10-46-03AM,network,1.2941847,103.7723129,92.9,-1.0,-1.0,-1.0
2017-03-31-10-46-28AM,1490928388508,1490928388425,2017-03-31-10-46-28AM,network,1.2945937,103.774358,699.999,-1.0,-1.0,-1.0
2017-03-31-10-46-48AM,1490928408546,1490928404060,2017-03-31-10-46-44AM,network,1.2941847,103.7723129,104.1,-1.0,-1.0,-1.0
2017-03-31-10-47-08AM,1490928428546,1490928428474,2017-03-31-10-47-08AM,network,1.2945937,103.774358,699.999,-1.0,-1.0,-1.0
2017-03-31-10-47-28AM,1490928448561,1490928444188,2017-03-31-10-47-24AM,network,1.2943444,103.7718552,122.4,-1.0,-1.0,-1.0
2017-03-31-10-47-48AM,1490928468614,1490928468534,2017-03-31-10-47-48AM,network,1.2945937,103.774358,699.999,-1.0,-1.0,-1.0
