2017-03-31-8-11-51AM,1490919111125,5.0,3
2017-03-31-8-29-42AM,1490920182540,0.0,3
2017-03-31-8-29-42AM,1490920182941,5.0,3
2017-03-31-8-29-48AM,1490920188342,0.0,3
2017-03-31-8-29-48AM,1490920188545,5.0,3
2017-03-31-8-29-48AM,1490920188946,0.0,3
2017-03-31-8-29-49AM,1490920189143,5.0,3
2017-03-31-8-48-41AM,1490921321075,0.0,3
2017-03-31-8-48-42AM,1490921322169,5.0,3
2017-03-31-8-59-01AM,1490921941570,0.0,3
2017-03-31-8-59-01AM,1490921941969,5.0,3
2017-03-31-9-14-20AM,1490922860783,0.0,3
2017-03-31-9-14-21AM,1490922861184,5.0,3
2017-03-31-9-14-23AM,1490922863191,0.0,3
2017-03-31-9-14-28AM,1490922868599,5.0,3
2017-03-31-9-16-25AM,1490922985390,0.0,3
2017-03-31-9-30-50AM,1490923850726,5.0,3
