2017-03-28-9-32-53AM,1490664773601,1490664773553,2017-03-28-9-32-53AM,network,1.3490916,103.7487841,50.0,-1.0,-1.0,-1.0
2017-03-28-9-33-09AM,1490664789327,1490664787941,2017-03-28-9-33-07AM,network,1.3490916,103.7487841,50.0,-1.0,-1.0,-1.0
2017-03-28-9-33-29AM,1490664809335,1490664802333,2017-03-28-9-33-22AM,network,1.3490916,103.7487841,50.0,-1.0,-1.0,-1.0
2017-03-28-9-33-40AM,1490664820334,1490664820000,2017-03-28-9-33-40AM,gps,1.34883734,103.74857664,46.0,33.79999923706055,-1.0,0.0
2017-03-28-9-33-49AM,1490664829405,1490664816715,2017-03-28-9-33-36AM,network,1.3490916,103.7487841,50.0,-1.0,-1.0,-1.0
2017-03-28-9-38-13AM,1490665093293,1490665077000,2017-03-28-9-37-57AM,gps,1.34883976,103.74860549,20.0,26.0,-1.0,0.0
2017-03-28-9-38-37AM,1490665117669,1490665112019,2017-03-28-9-38-32AM,network,1.3490916,103.7487841,50.0,-1.0,-1.0,-1.0
2017-03-28-9-38-57AM,1490665137490,1490665126407,2017-03-28-9-38-46AM,network,1.3490916,103.7487841,50.0,-1.0,-1.0,-1.0
2017-03-28-9-39-02AM,1490665142579,1490665140000,2017-03-28-9-39-00AM,gps,1.34886775,103.7486001,49.0,23.100000381469727,-1.0,0.0
2017-03-28-9-39-22AM,1490665162086,1490665161000,2017-03-28-9-39-21AM,gps,1.34886144,103.7485831,49.0,20.600000381469727,-1.0,0.0
2017-03-28-9-39-29AM,1490665169227,1490665155547,2017-03-28-9-39-15AM,network,1.3490916,103.7487841,50.0,-1.0,-1.0,-1.0
2017-03-28-9-39-38AM,1490665178047,1490665177000,2017-03-28-9-39-37AM,gps,1.34885982,103.74858186,38.0,20.700000762939453,-1.0,0.0
2017-03-28-9-39-45AM,1490665185531,1490665171092,2017-03-28-9-39-31AM,network,1.3490916,103.7487841,50.0,-1.0,-1.0,-1.0
2017-03-28-9-40-02AM,1490665202232,1490665186511,2017-03-28-9-39-46AM,network,1.3490916,103.7487841,50.0,-1.0,-1.0,-1.0
2017-03-28-9-40-11AM,1490665211127,1490665207000,2017-03-28-9-40-07AM,gps,1.34885726,103.74857348,21.0,18.799999237060547,-1.0,0.0
2017-03-28-9-40-19AM,1490665219812,1490665218000,2017-03-28-9-40-18AM,gps,1.3488588,103.74857403,30.0,18.899999618530273,-1.0,0.0
2017-03-28-9-42-56AM,1490665376211,1490665375000,2017-03-28-9-42-55AM,gps,1.34899573,103.74861045,40.0,26.5,-1.0,0.0
2017-03-28-9-43-06AM,1490665386702,1490665386643,2017-03-28-9-43-06AM,network,1.3490916,103.7487841,50.0,-1.0,-1.0,-1.0
2017-03-28-9-43-22AM,1490665402405,1490665398864,2017-03-28-9-43-18AM,network,1.3490916,103.7487841,50.0,-1.0,-1.0,-1.0
2017-03-28-9-43-42AM,1490665422456,1490665418865,2017-03-28-9-43-38AM,network,1.3490916,103.7487841,50.0,-1.0,-1.0,-1.0
2017-03-28-9-43-56AM,1490665436311,1490665436000,2017-03-28-9-43-56AM,gps,1.34901307,103.74857787,69.0,22.399999618530273,-1.0,0.0
2017-03-28-9-44-02AM,1490665442505,1490665438876,2017-03-28-9-43-58AM,network,1.3489803,103.7486619,40.5,-1.0,-1.0,-1.0
2017-03-28-9-44-11AM,1490665451303,1490665451000,2017-03-28-9-44-11AM,gps,1.34901124,103.74857884,50.0,22.700000762939453,-1.0,0.0
2017-03-28-9-44-22AM,1490665462416,1490665458886,2017-03-28-9-44-18AM,network,1.3490916,103.7487841,50.0,-1.0,-1.0,-1.0
2017-03-28-9-44-36AM,1490665476311,1490665476000,2017-03-28-9-44-36AM,gps,1.34901004,103.74857908,55.0,23.0,-1.0,0.0
2017-03-28-9-44-42AM,1490665482418,1490665478885,2017-03-28-9-44-38AM,network,1.3490916,103.7487841,50.0,-1.0,-1.0,-1.0
2017-03-28-9-45-02AM,1490665502402,1490665498894,2017-03-28-9-44-58AM,network,1.3490916,103.7487841,50.0,-1.0,-1.0,-1.0
2017-03-28-9-45-17AM,1490665517315,1490665517000,2017-03-28-9-45-17AM,gps,1.3490109,103.74857783,55.0,22.899999618530273,-1.0,0.0
2017-03-28-9-45-27AM,1490665527395,1490665518909,2017-03-28-9-45-18AM,network,1.3490916,103.7487841,50.0,-1.0,-1.0,-1.0
2017-03-28-9-45-41AM,1490665541597,1490665541000,2017-03-28-9-45-41AM,gps,1.34895492,103.74852721,49.0,22.5,-1.0,0.0
2017-03-28-9-46-05AM,1490665565193,1490665559065,2017-03-28-9-45-59AM,network,1.3490916,103.7487841,50.0,-1.0,-1.0,-1.0
2017-03-28-9-46-26AM,1490665586351,1490665579137,2017-03-28-9-46-19AM,network,1.3490916,103.7487841,50.0,-1.0,-1.0,-1.0
2017-03-28-9-46-40AM,1490665600551,1490665600000,2017-03-28-9-46-40AM,gps,1.34893043,103.74850734,58.0,21.899999618530273,-1.0,0.0
2017-03-28-9-46-54AM,1490665614432,1490665614000,2017-03-28-9-46-54AM,gps,1.34893014,103.7485075,49.0,22.0,-1.0,0.0
2017-03-28-9-47-05AM,1490665625788,1490665619455,2017-03-28-9-46-59AM,network,1.3490916,103.7487841,50.0,-1.0,-1.0,-1.0
2017-03-28-9-47-16AM,1490665636418,1490665636000,2017-03-28-9-47-16AM,gps,1.34892977,103.74850768,47.0,22.0,-1.0,0.0
2017-03-28-9-47-27AM,1490665647636,1490665639197,2017-03-28-9-47-19AM,network,1.3490107,103.7486273,33.0,-1.0,-1.0,-1.0
2017-03-28-9-47-47AM,1490665667013,1490665659307,2017-03-28-9-47-39AM,network,1.3490916,103.7487841,50.0,-1.0,-1.0,-1.0
2017-03-28-9-48-03AM,1490665683461,1490665683000,2017-03-28-9-48-03AM,gps,1.348921,103.74850992,48.0,22.0,-1.0,0.0
2017-03-28-9-48-27AM,1490665707160,1490665699290,2017-03-28-9-48-19AM,network,1.3490916,103.7487841,50.0,-1.0,-1.0,-1.0
2017-03-28-9-48-47AM,1490665727147,1490665719396,2017-03-28-9-48-39AM,network,1.3490916,103.7487841,50.0,-1.0,-1.0,-1.0
2017-03-28-9-49-07AM,1490665747136,1490665739368,2017-03-28-9-48-59AM,network,1.3490916,103.7487841,50.0,-1.0,-1.0,-1.0
2017-03-28-9-49-27AM,1490665767121,1490665759344,2017-03-28-9-49-19AM,network,1.3490916,103.7487841,50.0,-1.0,-1.0,-1.0
2017-03-28-9-49-47AM,1490665787537,1490665779340,2017-03-28-9-49-39AM,network,1.3490916,103.7487841,50.0,-1.0,-1.0,-1.0
2017-03-28-9-49-54AM,1490665794466,1490665794000,2017-03-28-9-49-54AM,gps,1.34889084,103.74857326,42.0,38.5,-1.0,0.0
2017-03-28-9-50-07AM,1490665807541,1490665799426,2017-03-28-9-49-59AM,network,1.3490916,103.7487841,50.0,-1.0,-1.0,-1.0
2017-03-28-9-50-27AM,1490665827625,1490665819460,2017-03-28-9-50-19AM,network,1.3490916,103.7487841,50.0,-1.0,-1.0,-1.0
2017-03-28-9-50-48AM,1490665848896,1490665839466,2017-03-28-9-50-39AM,network,1.3490916,103.7487841,50.0,-1.0,-1.0,-1.0
2017-03-28-9-51-08AM,1490665868040,1490665859460,2017-03-28-9-50-59AM,network,1.3490916,103.7487841,50.0,-1.0,-1.0,-1.0
2017-03-28-9-51-23AM,1490665883771,1490665883000,2017-03-28-9-51-23AM,gps,1.34889233,103.74857605,53.0,39.20000076293945,-1.0,0.0
2017-03-28-9-51-29AM,1490665889662,1490665879532,2017-03-28-9-51-19AM,network,1.3490916,103.7487841,50.0,-1.0,-1.0,-1.0
2017-03-28-9-51-38AM,1490665898692,1490665898000,2017-03-28-9-51-38AM,gps,1.34889238,103.74857577,51.0,39.20000076293945,-1.0,0.0
2017-03-28-9-51-49AM,1490665909502,1490665899542,2017-03-28-9-51-39AM,network,1.3490916,103.7487841,50.0,-1.0,-1.0,-1.0
2017-03-28-9-52-10AM,1490665930166,1490665919585,2017-03-28-9-51-59AM,network,1.3490916,103.7487841,50.0,-1.0,-1.0,-1.0
2017-03-28-9-52-42AM,1490665962346,1490665939612,2017-03-28-9-52-19AM,network,1.3490916,103.7487841,50.0,-1.0,-1.0,-1.0
2017-03-28-9-52-48AM,1490665968412,1490665964000,2017-03-28-9-52-44AM,gps,1.34889005,103.74857628,54.0,39.20000076293945,-1.0,0.0
2017-03-28-9-52-58AM,1490665978841,1490665968716,2017-03-28-9-52-48AM,network,1.3490916,103.7487841,50.0,-1.0,-1.0,-1.0
2017-03-28-9-53-33AM,1490666013842,1490665990026,2017-03-28-9-53-10AM,network,1.3490002,103.7486352,34.5,-1.0,-1.0,-1.0
2017-03-28-9-53-51AM,1490666031716,1490666022000,2017-03-28-9-53-42AM,gps,1.34891207,103.74857668,55.0,33.70000076293945,-1.0,0.0
2017-03-28-9-54-19AM,1490666059632,1490666050073,2017-03-28-9-54-10AM,network,1.3490916,103.7487841,50.0,-1.0,-1.0,-1.0
2017-03-28-9-54-39AM,1490666079437,1490666070357,2017-03-28-9-54-30AM,network,1.3490916,103.7487841,50.0,-1.0,-1.0,-1.0
2017-03-28-9-55-02AM,1490666102171,1490666090277,2017-03-28-9-54-50AM,network,1.3490916,103.7487841,50.0,-1.0,-1.0,-1.0
2017-03-28-9-55-17AM,1490666117143,1490666110124,2017-03-28-9-55-10AM,network,1.3490916,103.7487841,50.0,-1.0,-1.0,-1.0
2017-03-28-9-55-40AM,1490666140148,1490666130139,2017-03-28-9-55-30AM,network,1.3490916,103.7487841,50.0,-1.0,-1.0,-1.0
2017-03-28-9-55-51AM,1490666151323,1490666151000,2017-03-28-9-55-51AM,gps,1.34890773,103.74857757,63.0,33.900001525878906,-1.0,0.0
2017-03-28-9-55-58AM,1490666158351,1490666150145,2017-03-28-9-55-50AM,network,1.3490916,103.7487841,50.0,-1.0,-1.0,-1.0
2017-03-28-9-56-06AM,1490666166332,1490666166000,2017-03-28-9-56-06AM,gps,1.34888837,103.7485813,44.0,35.0,-1.0,0.0
2017-03-28-9-56-19AM,1490666179710,1490666170490,2017-03-28-9-56-10AM,network,1.3490916,103.7487841,50.0,-1.0,-1.0,-1.0
2017-03-28-9-56-39AM,1490666199324,1490666190359,2017-03-28-9-56-30AM,network,1.3490916,103.7487841,50.0,-1.0,-1.0,-1.0
2017-03-28-9-56-59AM,1490666219262,1490666210378,2017-03-28-9-56-50AM,network,1.3490364,103.7486482,25.0,-1.0,-1.0,-1.0
2017-03-28-9-57-19AM,1490666239271,1490666237980,2017-03-28-9-57-17AM,network,1.3490916,103.7487841,50.0,-1.0,-1.0,-1.0
2017-03-28-9-57-31AM,1490666251256,1490666251000,2017-03-28-9-57-31AM,gps,1.34887191,103.74858077,72.0,34.400001525878906,-1.0,0.0
2017-03-28-9-57-39AM,1490666259306,1490666258410,2017-03-28-9-57-38AM,network,1.3490916,103.7487841,50.0,-1.0,-1.0,-1.0
2017-03-28-9-57-59AM,1490666279309,1490666279000,2017-03-28-9-57-59AM,gps,1.34887697,103.74858263,46.0,35.400001525878906,-1.0,0.0
2017-03-28-9-58-16AM,1490666296344,1490666296000,2017-03-28-9-58-16AM,gps,1.34884613,103.74859305,46.0,38.0,-1.0,0.0
2017-03-28-9-58-39AM,1490666319745,1490666310397,2017-03-28-9-58-30AM,network,1.3489993,103.7486365,36.0,-1.0,-1.0,-1.0
2017-03-28-9-59-53AM,1490666393403,1490666342000,2017-03-28-9-59-02AM,gps,1.34884356,103.7485899,46.0,38.400001525878906,-1.0,0.0
2017-03-28-10-00-06AM,1490666406314,1490666406000,2017-03-28-10-00-06AM,gps,1.34896785,103.74857856,24.0,34.29999923706055,-1.0,0.0
2017-03-28-10-00-14AM,1490666414401,1490666411685,2017-03-28-10-00-11AM,network,1.3488718,103.7487841,23.678,-1.0,-1.0,-1.0
2017-03-28-10-00-25AM,1490666425249,1490666425000,2017-03-28-10-00-25AM,gps,1.34899105,103.74857673,21.0,33.400001525878906,-1.0,0.0
2017-03-28-10-00-34AM,1490666434401,1490666431651,2017-03-28-10-00-31AM,network,1.3491643,103.7488746,50.0,-1.0,-1.0,-1.0
2017-03-28-10-00-54AM,1490666454632,1490666451000,2017-03-28-10-00-51AM,gps,1.3490749,103.74891776,22.0,29.299999237060547,157.7,1.25
2017-03-28-10-01-07AM,1490666467282,1490666466723,2017-03-28-10-01-06AM,gps,1.34899808,103.74921299,13.0,36.79999923706055,110.7,2.5
2017-03-28-10-01-17AM,1490666477942,1490666477000,2017-03-28-10-01-17AM,gps,1.34871833,103.74910407,19.0,33.79999923706055,154.2,1.25
2017-03-28-10-01-33AM,1490666493967,1490666493000,2017-03-28-10-01-33AM,gps,1.34860063,103.74913917,41.0,35.79999923706055,149.4,0.75
2017-03-28-10-01-50AM,1490666510387,1490666509000,2017-03-28-10-01-49AM,gps,1.34855228,103.74899997,23.0,34.900001525878906,257.4,0.75
2017-03-28-10-02-08AM,1490666528372,1490666513652,2017-03-28-10-01-53AM,network,1.3482873,103.7485125,23.88,-1.0,-1.0,-1.0
2017-03-28-10-02-19AM,1490666539320,1490666539000,2017-03-28-10-02-19AM,gps,1.3484061999999999,103.74897256,16.0,34.0,337.6,0.25
2017-03-28-10-02-29AM,1490666549253,1490666549000,2017-03-28-10-02-29AM,gps,1.34836848,103.74892872,19.0,35.0,-1.0,0.0
2017-03-28-10-02-39AM,1490666559258,1490666559000,2017-03-28-10-02-39AM,gps,1.34835781,103.74892489,20.0,34.70000076293945,-1.0,0.0
2017-03-28-10-02-49AM,1490666569323,1490666569000,2017-03-28-10-02-49AM,gps,1.34837433,103.74895078,25.0,36.0,38.7,0.75
2017-03-28-10-03-00AM,1490666580305,1490666572504,2017-03-28-10-02-52AM,network,1.3482145,103.7494428,43.5,-1.0,-1.0,-1.0
2017-03-28-10-03-20AM,1490666600446,1490666599000,2017-03-28-10-03-19AM,gps,1.3484345,103.74896555,16.0,39.599998474121094,-1.0,0.0
2017-03-28-10-03-31AM,1490666611952,1490666592926,2017-03-28-10-03-12AM,network,1.3477688,103.7495082,31.164,-1.0,-1.0,-1.0
2017-03-28-10-03-41AM,1490666621159,1490666620000,2017-03-28-10-03-40AM,gps,1.34845189,103.74896785,13.0,29.600000381469727,-1.0,0.0
2017-03-28-10-03-50AM,1490666630857,1490666630000,2017-03-28-10-03-50AM,gps,1.34845868,103.74894688,13.0,32.900001525878906,232.1,1.25
2017-03-28-10-04-00AM,1490666640578,1490666640000,2017-03-28-10-04-00AM,gps,1.34838594,103.74891071,18.0,47.400001525878906,120.8,0.75
2017-03-28-10-04-07AM,1490666647185,1490666632876,2017-03-28-10-03-52AM,network,1.3482125,103.7487841,22.139,-1.0,-1.0,-1.0
2017-03-28-10-04-21AM,1490666661536,1490666661000,2017-03-28-10-04-21AM,gps,1.34827789,103.74877075,18.0,55.099998474121094,219.3,1.0
2017-03-28-10-04-33AM,1490666673257,1490666653095,2017-03-28-10-04-13AM,network,1.3482125,103.7487841,22.128,-1.0,-1.0,-1.0
2017-03-28-10-04-42AM,1490666682866,1490666682000,2017-03-28-10-04-42AM,gps,1.34802965,103.74842785,18.0,51.70000076293945,212.5,2.0
2017-03-28-10-04-53AM,1490666693294,1490666692000,2017-03-28-10-04-52AM,gps,1.34790044,103.74837795,26.0,51.900001525878906,234.6,1.5
2017-03-28-10-05-03AM,1490666703021,1490666693603,2017-03-28-10-04-53AM,network,1.3478473,103.748603,23.394,-1.0,-1.0,-1.0
2017-03-28-10-05-12AM,1490666712317,1490666712000,2017-03-28-10-05-12AM,gps,1.34762167,103.74829087,19.0,41.5,225.7,1.75
2017-03-28-10-05-22AM,1490666722424,1490666722000,2017-03-28-10-05-22AM,gps,1.34755596,103.74820218,11.0,42.79999923706055,232.6,1.5
2017-03-28-10-06-45AM,1490666805551,1490666804000,2017-03-28-10-06-44AM,gps,1.34681283,103.74774747,12.0,36.20000076293945,211.4,1.25
2017-03-28-10-06-55AM,1490666815252,1490666815000,2017-03-28-10-06-55AM,gps,1.34670092,103.74770516,8.0,35.599998474121094,239.7,1.0
2017-03-28-10-07-06AM,1490666826050,1490666825000,2017-03-28-10-07-05AM,gps,1.34664748,103.74767517,18.0,34.0,178.2,0.5
2017-03-28-10-07-16AM,1490666836311,1490666836000,2017-03-28-10-07-16AM,gps,1.34652875,103.74756563,18.0,34.20000076293945,236.0,1.5
2017-03-28-10-07-26AM,1490666846881,1490666846000,2017-03-28-10-07-26AM,gps,1.34644555,103.747452,22.0,34.099998474121094,226.6,1.5
2017-03-28-10-08-20AM,1490666900318,1490666866000,2017-03-28-10-07-46AM,gps,1.34646941,103.74756636,6.0,31.100000381469727,43.1,1.25
2017-03-28-10-08-27AM,1490666907321,1490666907000,2017-03-28-10-08-27AM,gps,1.34664894,103.74764586,7.0,33.0,215.9,1.25
2017-03-28-10-10-39AM,1490667039300,1490666917000,2017-03-28-10-08-37AM,gps,1.34650875,103.74756567,13.0,34.5,214.9,1.75
2017-03-28-10-10-51AM,1490667051409,1490667051000,2017-03-28-10-10-51AM,gps,1.34746702,103.74824653,16.0,31.899999618530273,-1.0,0.0
2017-03-28-10-10-59AM,1490667059832,1490667054209,2017-03-28-10-10-54AM,network,1.3480681,103.748422,28.139,-1.0,-1.0,-1.0
2017-03-28-10-11-11AM,1490667071247,1490667071000,2017-03-28-10-11-11AM,gps,1.3474781,103.74826572,9.0,33.0,-1.0,0.0
2017-03-28-10-11-19AM,1490667079922,1490667074275,2017-03-28-10-11-14AM,network,1.3477761,103.748241,22.686,-1.0,-1.0,-1.0
2017-03-28-10-11-32AM,1490667092345,1490667092000,2017-03-28-10-11-32AM,gps,1.34746369,103.74827235,5.0,32.5,21.1,0.5
2017-03-28-10-11-45AM,1490667105810,1490667102000,2017-03-28-10-11-42AM,gps,1.34742411,103.74826917,11.0,34.29999923706055,-1.0,0.0
2017-03-28-10-11-56AM,1490667116947,1490667112000,2017-03-28-10-11-52AM,gps,1.34743925,103.74824569,6.0,34.099998474121094,-1.0,0.0
2017-03-28-10-12-03AM,1490667123949,1490667094240,2017-03-28-10-11-34AM,network,1.3477039,103.7480599,24.983,-1.0,-1.0,-1.0
2017-03-28-10-12-14AM,1490667134753,1490667128073,2017-03-28-10-12-08AM,network,1.3488578,103.7489059,629.0,-1.0,-1.0,-1.0
2017-03-28-10-12-24AM,1490667144154,1490667143000,2017-03-28-10-12-23AM,gps,1.34747108,103.74825291,7.0,31.600000381469727,-1.0,0.0
2017-03-28-10-12-33AM,1490667153597,1490667153000,2017-03-28-10-12-33AM,gps,1.34748322,103.74823867,6.0,31.100000381469727,21.1,0.5
2017-03-28-10-12-44AM,1490667164232,1490667163000,2017-03-28-10-12-43AM,gps,1.34745541,103.74827351,10.0,33.79999923706055,81.4,1.0
2017-03-28-10-12-52AM,1490667172717,1490667165117,2017-03-28-10-12-45AM,network,1.3479943,103.7485125,22.769,-1.0,-1.0,-1.0
2017-03-28-10-13-00AM,1490667180461,1490667173000,2017-03-28-10-12-53AM,gps,1.34745576,103.74831411,9.0,32.599998474121094,224.8,1.0
2017-03-28-10-13-12AM,1490667192466,1490667184867,2017-03-28-10-13-04AM,network,1.3479949,103.748422,25.781,-1.0,-1.0,-1.0
2017-03-28-10-13-25AM,1490667205837,1490667205000,2017-03-28-10-13-25AM,gps,1.34739597,103.74828463,9.0,28.799999237060547,-1.0,0.0
2017-03-28-10-14-17AM,1490667257207,1490667224714,2017-03-28-10-13-44AM,gps,1.34730884,103.74826039,11.0,-3.4000000953674316,57.6,0.75
2017-03-28-10-14-28AM,1490667268137,1490667235714,2017-03-28-10-13-55AM,gps,1.3474884,103.74824637,16.0,86.30000305175781,65.0,0.5
2017-03-28-10-14-44AM,1490667284709,1490667204747,2017-03-28-10-13-24AM,network,1.3474787,103.7482312,40.5,-1.0,-1.0,-1.0
2017-03-28-10-14-57AM,1490667297247,1490667297000,2017-03-28-10-14-57AM,gps,1.34744747,103.74824706,8.0,29.0,-1.0,0.0
2017-03-28-10-15-05AM,1490667305769,1490667305407,2017-03-28-10-15-05AM,network,1.3478478,103.7485125,30.737,-1.0,-1.0,-1.0
2017-03-28-10-15-17AM,1490667317319,1490667317000,2017-03-28-10-15-17AM,gps,1.34745928,103.74824679,10.0,27.299999237060547,-1.0,0.0
2017-03-28-10-15-25AM,1490667325838,1490667325418,2017-03-28-10-15-25AM,network,1.3480681,103.748422,27.229,-1.0,-1.0,-1.0
2017-03-28-10-15-37AM,1490667337252,1490667337000,2017-03-28-10-15-37AM,gps,1.34745732,103.74824133,13.0,24.899999618530273,21.3,0.25
2017-03-28-10-15-45AM,1490667345794,1490667345432,2017-03-28-10-15-45AM,network,1.3479943,103.7485125,24.812,-1.0,-1.0,-1.0
2017-03-28-10-15-59AM,1490667359471,1490667359000,2017-03-28-10-15-59AM,gps,1.34763263,103.74819295,15.0,58.79999923706055,-1.0,0.0
2017-03-28-10-16-05AM,1490667365841,1490667365458,2017-03-28-10-16-05AM,network,1.3480681,103.748422,24.569,-1.0,-1.0,-1.0
2017-03-28-10-16-19AM,1490667379320,1490667379000,2017-03-28-10-16-19AM,gps,1.34752766,103.74822083,13.0,32.0,-1.0,0.0
2017-03-28-10-16-25AM,1490667385819,1490667385456,2017-03-28-10-16-25AM,network,1.3475823,103.7482526,44.867,-1.0,-1.0,-1.0
2017-03-28-10-18-02AM,1490667482902,1490667481000,2017-03-28-10-18-01AM,gps,1.34524093,103.74891655,11.0,30.600000381469727,96.3,2.25
2017-03-28-10-18-12AM,1490667492251,1490667492000,2017-03-28-10-18-12AM,gps,1.34518353,103.74941712,21.0,27.0,89.5,6.0
2017-03-28-10-18-22AM,1490667502394,1490667502000,2017-03-28-10-18-22AM,gps,1.3450667,103.75012064,22.0,32.599998474121094,95.4,8.75
2017-03-28-10-18-33AM,1490667513253,1490667513000,2017-03-28-10-18-33AM,gps,1.34509481,103.75092171,13.0,32.599998474121094,89.7,8.0
2017-03-28-10-18-54AM,1490667534025,1490667533000,2017-03-28-10-18-53AM,gps,1.34516128,103.75168981,14.0,39.5,32.3,2.25
2017-03-28-10-19-15AM,1490667555448,1490667553000,2017-03-28-10-19-13AM,gps,1.34504637,103.75161319,11.0,60.79999923706055,111.4,3.25
2017-03-28-10-19-21AM,1490667561553,1490667556278,2017-03-28-10-19-16AM,network,1.3450886,103.751375,54.0,-1.0,-1.0,-1.0
2017-03-28-10-19-36AM,1490667576335,1490667576000,2017-03-28-10-19-36AM,gps,1.34409578,103.75334767,32.0,52.29999923706055,117.9,9.5
2017-03-28-10-19-55AM,1490667595457,1490667595000,2017-03-28-10-19-55AM,gps,1.34365005,103.75442213,19.0,74.30000305175781,193.7,5.25
2017-03-28-10-20-01AM,1490667601291,1490667596476,2017-03-28-10-19-56AM,network,1.3437796,103.7553921,30.11,-1.0,-1.0,-1.0
2017-03-28-10-20-15AM,1490667615259,1490667615000,2017-03-28-10-20-15AM,gps,1.34329105,103.75437706,19.0,76.4000015258789,201.3,0.75
2017-03-28-10-20-20AM,1490667620904,1490667616574,2017-03-28-10-20-16AM,network,1.3437864,103.7542153,24.956,-1.0,-1.0,-1.0
2017-03-28-10-20-26AM,1490667626306,1490667626000,2017-03-28-10-20-26AM,gps,1.34347269,103.75440736,21.0,64.0999984741211,-1.0,0.0
2017-03-28-10-20-36AM,1490667636332,1490667636000,2017-03-28-10-20-36AM,gps,1.343519,103.75434696,19.0,60.70000076293945,-1.0,0.0
2017-03-28-10-20-57AM,1490667657292,1490667657000,2017-03-28-10-20-57AM,gps,1.34279349,103.75395599,28.0,30.200000762939453,206.7,7.0
2017-03-28-10-21-16AM,1490667676261,1490667676000,2017-03-28-10-21-16AM,gps,1.34154591,103.75424977,12.0,28.5,118.0,6.75
2017-03-28-10-21-21AM,1490667681289,1490667676570,2017-03-28-10-21-16AM,network,1.3414431,103.7541248,22.444,-1.0,-1.0,-1.0
2017-03-28-10-21-26AM,1490667686318,1490667686000,2017-03-28-10-21-26AM,gps,1.34132631,103.75445624,10.0,37.20000076293945,-1.0,0.0
2017-03-28-10-21-58AM,1490667718163,1490667696000,2017-03-28-10-21-36AM,gps,1.34128509,103.75454711,11.0,39.599998474121094,118.0,0.25
2017-03-28-10-22-05AM,1490667725187,1490667724713,2017-03-28-10-22-04AM,network,1.3398603,103.7540043,852.0,-1.0,-1.0,-1.0
2017-03-28-10-22-17AM,1490667737364,1490667737000,2017-03-28-10-22-17AM,gps,1.34041363,103.75612166,15.0,48.599998474121094,116.0,5.75
2017-03-28-10-22-25AM,1490667745355,1490667736655,2017-03-28-10-22-16AM,network,1.3404801,103.7560258,29.008,-1.0,-1.0,-1.0
2017-03-28-10-22-45AM,1490667765306,1490667756756,2017-03-28-10-22-36AM,network,1.3396709,103.7566594,26.15,-1.0,-1.0,-1.0
2017-03-28-10-22-58AM,1490667778408,1490667778000,2017-03-28-10-22-58AM,gps,1.33964482,103.75731127,14.0,55.599998474121094,120.8,0.25
2017-03-28-10-23-04AM,1490667784885,1490667776745,2017-03-28-10-22-56AM,network,1.3392278,103.7572931,22.834,-1.0,-1.0,-1.0
2017-03-28-10-23-20AM,1490667800325,1490667800000,2017-03-28-10-23-20AM,gps,1.33947256,103.75819755,17.0,77.30000305175781,73.0,4.5
2017-03-28-10-23-39AM,1490667819313,1490667819000,2017-03-28-10-23-39AM,gps,1.33992155,103.75942352,14.0,65.0,68.2,3.25
2017-03-28-10-23-45AM,1490667825253,1490667816766,2017-03-28-10-23-36AM,network,1.3398761,103.7591941,22.579,-1.0,-1.0,-1.0
2017-03-28-10-24-00AM,1490667840386,1490667840000,2017-03-28-10-24-00AM,gps,1.34009657,103.75941246,16.0,59.20000076293945,-1.0,0.0
2017-03-28-10-24-05AM,1490667845493,1490667836786,2017-03-28-10-23-56AM,network,1.3398023,103.7592846,27.824,-1.0,-1.0,-1.0
2017-03-28-10-24-20AM,1490667860306,1490667860000,2017-03-28-10-24-20AM,gps,1.34015909,103.75947172,7.0,55.5,-1.0,0.0
2017-03-28-10-24-41AM,1490667881457,1490667881000,2017-03-28-10-24-41AM,gps,1.34014785,103.7595005,20.0,59.29999923706055,-1.0,0.0
2017-03-28-10-24-51AM,1490667891359,1490667891000,2017-03-28-10-24-51AM,gps,1.34012343,103.75951938,29.0,63.099998474121094,-1.0,0.0
2017-03-28-10-25-03AM,1490667903306,1490667903000,2017-03-28-10-25-03AM,gps,1.34009624,103.75952638,23.0,67.80000305175781,-1.0,0.0
2017-03-28-10-25-21AM,1490667921374,1490667921000,2017-03-28-10-25-21AM,gps,1.34010764,103.75954809,18.0,61.0,-1.0,0.0
2017-03-28-10-25-32AM,1490667932286,1490667932000,2017-03-28-10-25-32AM,gps,1.34008269,103.75954072,27.0,64.5999984741211,-1.0,0.0
2017-03-28-10-25-45AM,1490667945231,1490667936835,2017-03-28-10-25-36AM,network,1.3395785,103.7600089,26.747,-1.0,-1.0,-1.0
2017-03-28-10-26-03AM,1490667963431,1490667963000,2017-03-28-10-26-03AM,gps,1.33925681,103.75994613,15.0,60.5,-1.0,0.0
2017-03-28-10-26-23AM,1490667983304,1490667983000,2017-03-28-10-26-23AM,gps,1.33825476,103.76023984,13.0,49.599998474121094,173.9,8.0
2017-03-28-10-26-33AM,1490667993421,1490667993000,2017-03-28-10-26-33AM,gps,1.33745574,103.76025735,12.0,38.599998474121094,192.9,5.5
2017-03-28-10-26-46AM,1490668006121,1490667996811,2017-03-28-10-26-36AM,network,1.3374168,103.7602352,28.709,-1.0,-1.0,-1.0
2017-03-28-10-26-54AM,1490668014307,1490668014000,2017-03-28-10-26-54AM,gps,1.33636551,103.75996243,17.0,38.79999923706055,185.5,8.25
2017-03-28-10-27-07AM,1490668027268,1490668027000,2017-03-28-10-27-07AM,gps,1.33536588,103.76053577,16.0,43.5,141.4,10.75
2017-03-28-10-27-24AM,1490668044452,1490668044000,2017-03-28-10-27-24AM,gps,1.33427973,103.7621501,9.0,28.700000762939453,120.3,12.75
2017-03-28-10-27-35AM,1490668055011,1490668054704,2017-03-28-10-27-34AM,gps,1.33371162,103.76322272,8.0,30.399999618530273,123.8,13.75
2017-03-28-10-27-45AM,1490668065571,1490668065000,2017-03-28-10-27-45AM,gps,1.33304379,103.76452472,18.0,34.79999923706055,114.9,13.5
2017-03-28-10-27-56AM,1490668076022,1490668075000,2017-03-28-10-27-55AM,gps,1.33291397,103.76555372,9.0,30.100000381469727,72.2,10.25
2017-03-28-10-28-06AM,1490668086164,1490668085537,2017-03-28-10-28-05AM,network,1.3327192,103.7645291,932.0,-1.0,-1.0,-1.0
2017-03-28-10-28-17AM,1490668097027,1490668096000,2017-03-28-10-28-16AM,gps,1.3339642,103.76459583,16.0,35.099998474121094,272.6,13.0
2017-03-28-10-28-25AM,1490668105972,1490668096880,2017-03-28-10-28-16AM,network,1.33314,103.7654565,43.5,-1.0,-1.0,-1.0
2017-03-28-10-28-37AM,1490668117009,1490668116000,2017-03-28-10-28-36AM,gps,1.33165399,103.76432026,9.0,45.5,187.0,13.25
2017-03-28-10-28-45AM,1490668125595,1490668125553,2017-03-28-10-28-45AM,network,1.3338921,103.764904,851.0,-1.0,-1.0,-1.0
2017-03-28-10-29-06AM,1490668146172,1490668145562,2017-03-28-10-29-05AM,network,1.3309144,103.7636577,812.0,-1.0,-1.0,-1.0
2017-03-28-10-29-26AM,1490668166038,1490668156914,2017-03-28-10-29-16AM,network,1.3268144,103.7640826,50.0,-1.0,-1.0,-1.0
2017-03-28-10-29-46AM,1490668186183,1490668176924,2017-03-28-10-29-36AM,network,1.3265948,103.7640826,25.187,-1.0,-1.0,-1.0
2017-03-28-10-30-06AM,1490668206226,1490668196928,2017-03-28-10-29-56AM,network,1.3258647,103.7637205,23.837,-1.0,-1.0,-1.0
2017-03-28-10-30-19AM,1490668219047,1490668218000,2017-03-28-10-30-18AM,gps,1.32366094,103.7644038,12.0,33.29999923706055,172.5,11.25
2017-03-28-10-30-25AM,1490668225727,1490668216920,2017-03-28-10-30-16AM,network,1.3249099,103.7642637,50.0,-1.0,-1.0,-1.0
2017-03-28-10-30-40AM,1490668240311,1490668240000,2017-03-28-10-30-40AM,gps,1.321217,103.76408688,15.0,26.399999618530273,195.7,11.5
2017-03-28-10-30-46AM,1490668246094,1490668236968,2017-03-28-10-30-36AM,network,1.3216515,103.7639336,36.0,-1.0,-1.0,-1.0
2017-03-28-10-30-59AM,1490668259318,1490668259000,2017-03-28-10-30-59AM,gps,1.32052104,103.76391279,11.0,23.299999237060547,-1.0,0.0
2017-03-28-10-31-07AM,1490668267146,1490668266964,2017-03-28-10-31-06AM,network,1.3201544,103.7635159,40.5,-1.0,-1.0,-1.0
2017-03-28-10-31-22AM,1490668282014,1490668281000,2017-03-28-10-31-21AM,gps,1.31977869,103.76356684,12.0,31.5,202.7,9.75
2017-03-28-10-31-27AM,1490668287230,1490668286665,2017-03-28-10-31-26AM,network,1.3215934,103.7642198,530.0,-1.0,-1.0,-1.0
2017-03-28-10-31-40AM,1490668300325,1490668300000,2017-03-28-10-31-40AM,gps,1.31845552,103.76347913,11.0,14.0,145.8,8.0
2017-03-28-10-31-46AM,1490668306977,1490668296993,2017-03-28-10-31-36AM,network,1.3188765,103.7631671,39.0,-1.0,-1.0,-1.0
2017-03-28-10-32-01AM,1490668321413,1490668321000,2017-03-28-10-32-01AM,gps,1.3172052,103.76439333,14.0,29.600000381469727,143.5,6.0
2017-03-28-10-32-07AM,1490668327872,1490668326672,2017-03-28-10-32-06AM,network,1.3163847,103.7633852,517.0,-1.0,-1.0,-1.0
2017-03-28-10-32-13AM,1490668333308,1490668333000,2017-03-28-10-32-13AM,gps,1.31678165,103.76465842,14.0,25.5,145.6,2.75
2017-03-28-10-32-27AM,1490668347163,1490668347011,2017-03-28-10-32-27AM,network,1.3170897,103.762091,41.087,-1.0,-1.0,-1.0
2017-03-28-10-32-33AM,1490668353439,1490668353000,2017-03-28-10-32-33AM,gps,1.31639284,103.7648652,14.0,21.299999237060547,146.4,4.25
2017-03-28-10-32-46AM,1490668366820,1490668356961,2017-03-28-10-32-36AM,network,1.3165231,103.7652142,27.407,-1.0,-1.0,-1.0
2017-03-28-10-32-54AM,1490668374999,1490668374000,2017-03-28-10-32-54AM,gps,1.3156673,103.76502402,14.0,29.299999237060547,173.0,2.25
2017-03-28-10-33-07AM,1490668387248,1490668387052,2017-03-28-10-33-07AM,network,1.3153889,103.765169,31.056,-1.0,-1.0,-1.0
2017-03-28-10-33-12AM,1490668392431,1490668392000,2017-03-28-10-33-12AM,gps,1.3155373,103.7650151,9.0,31.899999618530273,-1.0,0.0
2017-03-28-10-33-31AM,1490668411982,1490668403000,2017-03-28-10-33-23AM,gps,1.31552613,103.76500754999999,14.0,33.099998474121094,-1.0,0.0
2017-03-28-10-33-44AM,1490668424263,1490668424000,2017-03-28-10-33-44AM,gps,1.31542636,103.76500661,14.0,14.399999618530273,-1.0,0.0
2017-03-28-10-33-54AM,1490668434384,1490668434000,2017-03-28-10-33-54AM,gps,1.3154073,103.76501146,18.0,10.199999809265137,-1.0,0.0
2017-03-28-10-34-06AM,1490668446306,1490668446000,2017-03-28-10-34-06AM,gps,1.31516381,103.76507614,32.0,18.899999618530273,162.0,10.5
2017-03-28-10-34-16AM,1490668456377,1490668456000,2017-03-28-10-34-16AM,gps,1.31383595,103.76564758,34.0,26.0,161.0,7.75
2017-03-28-10-34-28AM,1490668468074,1490668467170,2017-03-28-10-34-27AM,network,1.3133756,103.7662454,31.5,-1.0,-1.0,-1.0
2017-03-28-10-34-35AM,1490668475256,1490668475000,2017-03-28-10-34-35AM,gps,1.31326164,103.76634289,19.0,32.20000076293945,137.5,4.25
2017-03-28-10-34-46AM,1490668486397,1490668486000,2017-03-28-10-34-46AM,gps,1.31278079,103.76686455,38.0,25.299999237060547,132.1,7.25
2017-03-28-10-34-58AM,1490668498236,1490668498000,2017-03-28-10-34-58AM,gps,1.31230383,103.76719031,17.0,24.899999618530273,91.1,1.25
2017-03-28-10-35-08AM,1490668508108,1490668507187,2017-03-28-10-35-07AM,network,1.312376,103.7673417,23.98,-1.0,-1.0,-1.0
2017-03-28-10-35-15AM,1490668515388,1490668515000,2017-03-28-10-35-15AM,gps,1.31236063,103.76730376,15.0,37.79999923706055,170.1,0.75
2017-03-28-10-35-25AM,1490668525302,1490668525000,2017-03-28-10-35-25AM,gps,1.31234937,103.76736386,17.0,34.29999923706055,-1.0,0.0
2017-03-28-10-35-37AM,1490668537993,1490668537000,2017-03-28-10-35-37AM,gps,1.31235532,103.76737089,15.0,35.099998474121094,-1.0,0.0
2017-03-28-10-35-49AM,1490668549356,1490668547298,2017-03-28-10-35-47AM,network,1.3121554,103.7675227,23.37,-1.0,-1.0,-1.0
2017-03-28-10-35-57AM,1490668557354,1490668557000,2017-03-28-10-35-57AM,gps,1.31229901,103.76739923,13.0,33.29999923706055,-1.0,0.0
2017-03-28-10-36-07AM,1490668567308,1490668567000,2017-03-28-10-36-07AM,gps,1.31224948,103.76742832,16.0,32.400001525878906,-1.0,0.0
2017-03-28-10-36-17AM,1490668577399,1490668577000,2017-03-28-10-36-17AM,gps,1.31225309,103.76743784,13.0,32.400001525878906,-1.0,0.0
2017-03-28-10-36-28AM,1490668588299,1490668588000,2017-03-28-10-36-28AM,gps,1.31225552,103.76748723,15.0,33.70000076293945,-1.0,0.0
2017-03-28-10-36-38AM,1490668598293,1490668598000,2017-03-28-10-36-38AM,gps,1.31223236,103.76753791,12.0,30.100000381469727,115.1,4.25
2017-03-28-10-36-49AM,1490668609160,1490668608000,2017-03-28-10-36-48AM,gps,1.31204625,103.76785429,10.0,30.5,124.2,4.25
2017-03-28-10-36-59AM,1490668619933,1490668619000,2017-03-28-10-36-59AM,gps,1.31155505,103.7679492,19.0,33.0,165.8,4.25
2017-03-28-10-37-10AM,1490668630325,1490668630000,2017-03-28-10-37-10AM,gps,1.31097019,103.76736292,18.0,35.29999923706055,199.1,2.25
2017-03-28-10-37-20AM,1490668640307,1490668640000,2017-03-28-10-37-20AM,gps,1.31096401,103.76731999,18.0,34.79999923706055,199.1,0.25
2017-03-28-10-37-30AM,1490668650909,1490668647240,2017-03-28-10-37-27AM,network,1.3108392,103.7673417,22.115,-1.0,-1.0,-1.0
2017-03-28-10-37-39AM,1490668659310,1490668659000,2017-03-28-10-37-39AM,gps,1.30995512,103.76686688,16.0,30.799999237060547,204.8,11.25
2017-03-28-10-37-50AM,1490668670306,1490668670000,2017-03-28-10-37-50AM,gps,1.30887064,103.76632595,25.0,30.799999237060547,207.6,12.5
2017-03-28-10-38-00AM,1490668680304,1490668680000,2017-03-28-10-38-00AM,gps,1.30810509,103.76630608,16.0,23.399999618530273,176.9,10.75
2017-03-28-10-38-11AM,1490668691312,1490668687294,2017-03-28-10-38-07AM,network,1.3065641,103.7663006,49.834,-1.0,-1.0,-1.0
2017-03-28-10-38-30AM,1490668710297,1490668710000,2017-03-28-10-38-30AM,gps,1.30581107,103.76854542,11.0,8.199999809265137,129.0,11.25
2017-03-28-10-38-41AM,1490668721253,1490668721000,2017-03-28-10-38-41AM,gps,1.30539824,103.76938929,11.0,6.5,101.4,8.5
2017-03-28-10-38-51AM,1490668731137,1490668727317,2017-03-28-10-38-47AM,network,1.3051193,103.7695145,26.966,-1.0,-1.0,-1.0
2017-03-28-10-39-01AM,1490668741304,1490668741000,2017-03-28-10-39-01AM,gps,1.30555119,103.76978468,10.0,18.399999618530273,-1.0,0.0
2017-03-28-10-39-10AM,1490668750927,1490668747333,2017-03-28-10-39-07AM,network,1.3049729,103.7695145,24.962,-1.0,-1.0,-1.0
2017-03-28-10-39-22AM,1490668762447,1490668762000,2017-03-28-10-39-22AM,gps,1.30566453,103.7703834,10.0,14.100000381469727,70.6,7.25
2017-03-28-10-39-31AM,1490668771174,1490668767299,2017-03-28-10-39-27AM,network,1.305322,103.770301,52.5,-1.0,-1.0,-1.0
2017-03-28-10-39-42AM,1490668782297,1490668782000,2017-03-28-10-39-42AM,gps,1.30687042,103.77130482,12.0,19.899999618530273,13.9,9.25
2017-03-28-10-39-51AM,1490668791122,1490668787319,2017-03-28-10-39-47AM,network,1.307291,103.7713732,36.0,-1.0,-1.0,-1.0
2017-03-28-10-40-02AM,1490668802297,1490668802000,2017-03-28-10-40-02AM,gps,1.30811365,103.7710731,11.0,16.399999618530273,283.6,6.25
2017-03-28-10-40-11AM,1490668811228,1490668807354,2017-03-28-10-40-07AM,network,1.3080719,103.7714609,23.736,-1.0,-1.0,-1.0
2017-03-28-10-40-23AM,1490668823987,1490668823693,2017-03-28-10-40-23AM,gps,1.30792223,103.77003074,12.0,23.399999618530273,230.7,4.5
2017-03-28-10-40-31AM,1490668831259,1490668827339,2017-03-28-10-40-27AM,network,1.307847,103.7704784,64.5,-1.0,-1.0,-1.0
2017-03-28-10-40-44AM,1490668844832,1490668843000,2017-03-28-10-40-43AM,gps,1.30787847,103.76979337,15.0,27.100000381469727,-1.0,0.0
2017-03-28-10-41-01AM,1490668861292,1490668855000,2017-03-28-10-40-55AM,gps,1.30786544,103.76974328,10.0,26.0,253.6,7.0
2017-03-28-10-41-12AM,1490668872586,1490668867467,2017-03-28-10-41-07AM,network,1.3076152,103.7680659,22.575,-1.0,-1.0,-1.0
2017-03-28-10-41-32AM,1490668892942,1490668887501,2017-03-28-10-41-27AM,network,1.3095895,103.7683375,50.0,-1.0,-1.0,-1.0
2017-03-28-10-41-46AM,1490668906318,1490668906000,2017-03-28-10-41-46AM,gps,1.30961796,103.76805955,19.0,28.899999618530273,22.7,2.75
2017-03-28-10-41-52AM,1490668912646,1490668907458,2017-03-28-10-41-47AM,network,1.3093705,103.768247,23.369,-1.0,-1.0,-1.0
2017-03-28-10-42-16AM,1490668936032,1490668928621,2017-03-28-10-42-08AM,network,1.309589,103.7684281,24.815,-1.0,-1.0,-1.0
2017-03-28-10-42-27AM,1490668947355,1490668947000,2017-03-28-10-42-27AM,gps,1.30973414,103.76830865,13.0,34.79999923706055,-1.0,0.0
2017-03-28-10-42-32AM,1490668952890,1490668947626,2017-03-28-10-42-27AM,network,1.3094442,103.7681565,25.183,-1.0,-1.0,-1.0
2017-03-28-10-42-52AM,1490668972143,1490668967000,2017-03-28-10-42-47AM,gps,1.31040615,103.76873448,12.0,39.599998474121094,39.3,5.0
2017-03-28-10-43-05AM,1490668985539,1490668985000,2017-03-28-10-43-05AM,gps,1.31133229,103.76903886,8.0,30.0,11.7,2.75
2017-03-28-10-43-13AM,1490668993388,1490668987637,2017-03-28-10-43-07AM,network,1.3112681,103.7691523,24.156,-1.0,-1.0,-1.0
2017-03-28-10-43-27AM,1490669007261,1490669007000,2017-03-28-10-43-27AM,gps,1.31174613,103.76903839,15.0,35.099998474121094,-1.0,0.0
2017-03-28-10-43-32AM,1490669012909,1490669007703,2017-03-28-10-43-27AM,network,1.3117067,103.7692429,28.038,-1.0,-1.0,-1.0
2017-03-28-10-43-38AM,1490669018387,1490669018000,2017-03-28-10-43-38AM,gps,1.31172682,103.76904883,21.0,35.70000076293945,-1.0,0.0
2017-03-28-10-43-53AM,1490669033268,1490669027682,2017-03-28-10-43-47AM,network,1.3116325,103.7694239,22.13,-1.0,-1.0,-1.0
2017-03-28-10-44-02AM,1490669042102,1490669037691,2017-03-28-10-43-57AM,gps,1.31210087,103.76902078,15.0,38.099998474121094,328.2,1.25
2017-03-28-10-44-12AM,1490669052879,1490669047745,2017-03-28-10-44-07AM,network,1.3117799,103.7692429,25.571,-1.0,-1.0,-1.0
2017-03-28-10-44-30AM,1490669070406,1490669070000,2017-03-28-10-44-30AM,gps,1.31174031,103.76908795,19.0,44.20000076293945,283.0,2.5
2017-03-28-10-44-49AM,1490669089241,1490669089000,2017-03-28-10-44-49AM,gps,1.31195676,103.76810271,11.0,38.900001525878906,282.3,1.75
2017-03-28-10-44-59AM,1490669099928,1490669099690,2017-03-28-10-44-59AM,gps,1.31203461,103.76771974,7.0,44.70000076293945,230.4,0.25
2017-03-28-10-45-12AM,1490669112955,1490669107750,2017-03-28-10-45-07AM,network,1.3123725,103.7679754,22.118,-1.0,-1.0,-1.0
2017-03-28-10-45-20AM,1490669120306,1490669120000,2017-03-28-10-45-20AM,gps,1.31194432,103.76786889,16.0,29.600000381469727,287.3,0.25
2017-03-28-10-45-32AM,1490669132162,1490669131000,2017-03-28-10-45-31AM,gps,1.3119027,103.76798297,16.0,29.600000381469727,-1.0,0.0
2017-03-28-10-45-46AM,1490669146900,1490669127776,2017-03-28-10-45-27AM,network,1.3122983,103.7681565,25.987,-1.0,-1.0,-1.0
2017-03-28-10-45-53AM,1490669153921,1490669147946,2017-03-28-10-45-47AM,network,1.3121882,103.7682017,24.468,-1.0,-1.0,-1.0
2017-03-28-10-46-01AM,1490669161324,1490669161000,2017-03-28-10-46-01AM,gps,1.31185932,103.76798169999999,11.0,27.899999618530273,-1.0,0.0
2017-03-28-10-46-11AM,1490669171310,1490669171000,2017-03-28-10-46-11AM,gps,1.31186154,103.76798694,9.0,27.399999618530273,-1.0,0.0
2017-03-28-10-46-21AM,1490669181301,1490669181000,2017-03-28-10-46-21AM,gps,1.31186331,103.76800227,9.0,23.5,-1.0,0.0
2017-03-28-10-46-31AM,1490669191300,1490669191000,2017-03-28-10-46-31AM,gps,1.31186247,103.76800236,12.0,23.0,-1.0,0.0
2017-03-28-10-46-42AM,1490669202327,1490669202000,2017-03-28-10-46-42AM,gps,1.31187447,103.76796985,15.0,23.299999237060547,294.4,6.75
2017-03-28-10-46-53AM,1490669213392,1490669213000,2017-03-28-10-46-53AM,gps,1.31230505,103.76714019,15.0,28.399999618530273,296.3,7.0
2017-03-28-10-47-14AM,1490669234009,1490669227949,2017-03-28-10-47-07AM,network,1.3125986,103.7667985,24.558,-1.0,-1.0,-1.0
2017-03-28-10-47-33AM,1490669253979,1490669247989,2017-03-28-10-47-27AM,network,1.3137388,103.7657574,27.234,-1.0,-1.0,-1.0
2017-03-28-10-51-32AM,1490669492530,1490669492000,2017-03-28-10-51-32AM,gps,1.31540094,103.76529659,17.0,15.300000190734863,-1.0,0.0
2017-03-28-10-51-43AM,1490669503409,1490669503000,2017-03-28-10-51-43AM,gps,1.31541484,103.76528539,19.0,18.5,-1.0,0.0
2017-03-28-10-51-53AM,1490669513361,1490669513000,2017-03-28-10-51-53AM,gps,1.31541739,103.76527649,11.0,17.799999237060547,-1.0,0.0
2017-03-28-10-52-03AM,1490669523380,1490669523000,2017-03-28-10-52-03AM,gps,1.31541206,103.76526734,10.0,16.700000762939453,-1.0,0.0
2017-03-28-10-52-13AM,1490669533303,1490669533000,2017-03-28-10-52-13AM,gps,1.31541066,103.76526235,14.0,14.5,-1.0,0.0
2017-03-28-10-52-36AM,1490669556860,1490669536296,2017-03-28-10-52-16AM,network,1.3153884,103.7652595,22.722,-1.0,-1.0,-1.0
2017-03-28-10-52-42AM,1490669562718,1490669556755,2017-03-28-10-52-36AM,network,1.3153884,103.7652595,22.732,-1.0,-1.0,-1.0
2017-03-28-10-52-53AM,1490669573327,1490669573000,2017-03-28-10-52-53AM,gps,1.31534457,103.76525133,19.0,3.5999999046325684,-1.0,0.0
2017-03-28-10-53-02AM,1490669582789,1490669576509,2017-03-28-10-52-56AM,network,1.3154247,103.7653047,22.494,-1.0,-1.0,-1.0
2017-03-28-10-53-16AM,1490669596386,1490669596000,2017-03-28-10-53-16AM,gps,1.31519291,103.76524801,10.0,9.800000190734863,268.4,0.25
2017-03-28-10-53-22AM,1490669602773,1490669596454,2017-03-28-10-53-16AM,network,1.3153147,103.76535,23.024,-1.0,-1.0,-1.0
2017-03-28-10-53-36AM,1490669616240,1490669616000,2017-03-28-10-53-36AM,gps,1.31514899,103.76530954,17.0,17.200000762939453,-1.0,0.0
2017-03-28-10-53-42AM,1490669622855,1490669616533,2017-03-28-10-53-36AM,network,1.3153879,103.76535,25.898,-1.0,-1.0,-1.0
2017-03-28-10-54-02AM,1490669642858,1490669636662,2017-03-28-10-53-56AM,network,1.3153147,103.76535,23.652,-1.0,-1.0,-1.0
2017-03-28-10-54-10AM,1490669650245,1490669650000,2017-03-28-10-54-10AM,gps,1.31506631,103.76536958,24.0,22.200000762939453,-1.0,0.0
2017-03-28-10-54-23AM,1490669663084,1490669656549,2017-03-28-10-54-16AM,network,1.3150682,103.7651523,34.5,-1.0,-1.0,-1.0
2017-03-28-10-54-28AM,1490669668384,1490669668000,2017-03-28-10-54-28AM,gps,1.3150765,103.76535033,20.0,20.299999237060547,-1.0,0.0
2017-03-28-10-55-41AM,1490669741087,1490669679000,2017-03-28-10-54-39AM,gps,1.31509991,103.76534482,22.0,22.799999237060547,-1.0,0.0
2017-03-28-10-55-49AM,1490669749320,1490669749000,2017-03-28-10-55-49AM,gps,1.31510708,103.76530972,23.0,24.600000381469727,-1.0,0.0
2017-03-28-10-55-59AM,1490669759329,1490669751480,2017-03-28-10-55-51AM,network,1.3161173,103.7658027,50.0,-1.0,-1.0,-1.0
2017-03-28-10-56-10AM,1490669770408,1490669770000,2017-03-28-10-56-10AM,gps,1.31510275,103.76531058,24.0,25.200000762939453,-1.0,0.0
2017-03-28-10-56-21AM,1490669781245,1490669780000,2017-03-28-10-56-20AM,gps,1.31509979,103.76531994,19.0,25.899999618530273,-1.0,0.0
2017-03-28-10-56-26AM,1490669786340,1490669771495,2017-03-28-10-56-11AM,network,1.31524,103.7656216,24.715,-1.0,-1.0,-1.0
2017-03-28-10-56-41AM,1490669801047,1490669800000,2017-03-28-10-56-40AM,gps,1.31509323,103.76532408,20.0,26.899999618530273,-1.0,0.0
2017-03-28-10-56-51AM,1490669811671,1490669811000,2017-03-28-10-56-51AM,gps,1.31508877,103.76531524,19.0,25.600000381469727,-1.0,0.0
2017-03-28-10-57-09AM,1490669829063,1490669825006,2017-03-28-10-57-05AM,network,1.3148058,103.7655516,45.0,-1.0,-1.0,-1.0
2017-03-28-10-57-21AM,1490669841722,1490669841000,2017-03-28-10-57-21AM,gps,1.31509549,103.76531521,21.0,26.0,-1.0,0.0
2017-03-28-10-57-32AM,1490669852942,1490669852000,2017-03-28-10-57-32AM,gps,1.31509487,103.76531611,19.0,25.200000762939453,-1.0,0.0
2017-03-28-10-57-43AM,1490669863953,1490669863000,2017-03-28-10-57-43AM,gps,1.31509825,103.7653204,28.0,24.5,-1.0,0.0
2017-03-28-10-58-04AM,1490669884132,1490669883000,2017-03-28-10-58-03AM,gps,1.3151002999999999,103.76532796,33.0,24.100000381469727,-1.0,0.0
2017-03-28-10-58-15AM,1490669895948,1490669895000,2017-03-28-10-58-15AM,gps,1.3151022,103.76533162,35.0,23.899999618530273,-1.0,0.0
2017-03-28-10-58-27AM,1490669907007,1490669902106,2017-03-28-10-58-22AM,network,1.3149289,103.7654284,37.5,-1.0,-1.0,-1.0
2017-03-28-10-58-34AM,1490669914651,1490669914000,2017-03-28-10-58-34AM,gps,1.31510694,103.76533504,29.0,23.299999237060547,-1.0,0.0
2017-03-28-10-58-45AM,1490669925336,1490669924000,2017-03-28-10-58-44AM,gps,1.31510592,103.76533523,35.0,23.5,-1.0,0.0
2017-03-28-10-58-55AM,1490669935967,1490669935000,2017-03-28-10-58-55AM,gps,1.31510372,103.76533197,23.0,23.399999618530273,-1.0,0.0
2017-03-28-10-59-07AM,1490669947486,1490669942367,2017-03-28-10-59-02AM,network,1.3149202,103.7654996,40.5,-1.0,-1.0,-1.0
2017-03-28-10-59-15AM,1490669955215,1490669954000,2017-03-28-10-59-14AM,gps,1.31510212,103.76532425,18.0,23.200000762939453,-1.0,0.0
2017-03-28-10-59-27AM,1490669967267,1490669962357,2017-03-28-10-59-22AM,network,1.3149402,103.7654422,36.0,-1.0,-1.0,-1.0
2017-03-28-10-59-39AM,1490669979802,1490669975000,2017-03-28-10-59-35AM,gps,1.31510284,103.76532331,22.0,23.100000381469727,-1.0,0.0
2017-03-28-10-59-45AM,1490669985927,1490669985000,2017-03-28-10-59-45AM,gps,1.31510319,103.7653236,21.0,23.0,-1.0,0.0
2017-03-28-10-59-55AM,1490669995521,1490669995000,2017-03-28-10-59-55AM,gps,1.31510343,103.765324,21.0,23.0,-1.0,0.0
2017-03-28-11-00-06AM,1490670006821,1490670006000,2017-03-28-11-00-06AM,gps,1.31510287,103.76532323,18.0,23.0,-1.0,0.0
2017-03-28-11-00-16AM,1490670016538,1490670016000,2017-03-28-11-00-16AM,gps,1.31510295,103.76532514,18.0,23.0,-1.0,0.0
2017-03-28-11-00-28AM,1490670028846,1490670028000,2017-03-28-11-00-28AM,gps,1.31510326,103.76532762,38.0,23.100000381469727,-1.0,0.0
2017-03-28-11-00-46AM,1490670046437,1490670042408,2017-03-28-11-00-42AM,network,1.31545,103.7652333,45.0,-1.0,-1.0,-1.0
2017-03-28-11-01-06AM,1490670066423,1490670062425,2017-03-28-11-01-02AM,network,1.315239,103.7658027,42.909,-1.0,-1.0,-1.0
2017-03-28-11-01-26AM,1490670086467,1490670078000,2017-03-28-11-01-18AM,gps,1.31510592,103.76533723,23.0,23.399999618530273,-1.0,0.0
2017-03-28-11-01-38AM,1490670098436,1490670097000,2017-03-28-11-01-37AM,gps,1.31510699,103.76533991,29.0,23.299999237060547,-1.0,0.0
2017-03-28-11-01-50AM,1490670110864,1490670108000,2017-03-28-11-01-48AM,gps,1.31510865,103.76534459,25.0,23.299999237060547,-1.0,0.0
2017-03-28-11-01-59AM,1490670119740,1490670118000,2017-03-28-11-01-58AM,gps,1.31510892,103.76534427,14.0,23.200000762939453,-1.0,0.0
2017-03-28-11-02-17AM,1490670137326,1490670113402,2017-03-28-11-01-53AM,network,1.315607,103.7654405,50.0,-1.0,-1.0,-1.0
2017-03-28-11-02-23AM,1490670143617,1490670140000,2017-03-28-11-02-20AM,gps,1.31510969,103.76535319,37.0,23.600000381469727,-1.0,0.0
2017-03-28-11-02-38AM,1490670158106,1490670139685,2017-03-28-11-02-19AM,network,1.3149807,103.7654208,40.5,-1.0,-1.0,-1.0
2017-03-28-11-02-48AM,1490670168317,1490670168000,2017-03-28-11-02-48AM,gps,1.31510228,103.76534564,9.0,19.5,-1.0,0.0
2017-03-28-11-02-59AM,1490670179273,1490670173468,2017-03-28-11-02-53AM,network,1.315241,103.7654405,29.346,-1.0,-1.0,-1.0
2017-03-28-11-03-19AM,1490670199286,1490670193541,2017-03-28-11-03-13AM,network,1.315607,103.7654405,31.789,-1.0,-1.0,-1.0
2017-03-28-11-03-39AM,1490670219302,1490670219000,2017-03-28-11-03-39AM,gps,1.31513744,103.76522962,15.0,28.0,-1.0,0.0
2017-03-28-11-03-50AM,1490670230984,1490670230000,2017-03-28-11-03-50AM,gps,1.3151429,103.76522767,14.0,28.5,-1.0,0.0
2017-03-28-11-04-01AM,1490670241193,1490670240000,2017-03-28-11-04-00AM,gps,1.31514368,103.76522863,13.0,28.299999237060547,-1.0,0.0
2017-03-28-11-04-16AM,1490670256244,1490670256000,2017-03-28-11-04-16AM,gps,1.31514596,103.76523408,11.0,28.200000762939453,-1.0,0.0
2017-03-28-11-04-21AM,1490670261426,1490670253683,2017-03-28-11-04-13AM,network,1.3153879,103.76535,22.406,-1.0,-1.0,-1.0
2017-03-28-11-04-34AM,1490670274338,1490670271000,2017-03-28-11-04-31AM,gps,1.31516392,103.76533075,17.0,21.100000381469727,140.5,1.5
2017-03-28-11-04-41AM,1490670281607,1490670274757,2017-03-28-11-04-34AM,network,1.3152415,103.76535,22.124,-1.0,-1.0,-1.0
2017-03-28-11-05-01AM,1490670301608,1490670293664,2017-03-28-11-04-53AM,network,1.3135541,103.7660743,22.13,-1.0,-1.0,-1.0
2017-03-28-11-05-12AM,1490670312318,1490670312000,2017-03-28-11-05-12AM,gps,1.3131601,103.76648994,10.0,33.29999923706055,148.2,0.25
2017-03-28-11-05-21AM,1490670321398,1490670313674,2017-03-28-11-05-13AM,network,1.3130019,103.7666627,24.411,-1.0,-1.0,-1.0
2017-03-28-11-05-41AM,1490670341379,1490670333689,2017-03-28-11-05-33AM,network,1.3134768,103.7667985,22.115,-1.0,-1.0,-1.0
2017-03-28-11-05-53AM,1490670353156,1490670352000,2017-03-28-11-05-52AM,gps,1.31299962,103.76674272,16.0,39.099998474121094,74.3,1.75
2017-03-28-11-06-01AM,1490670361675,1490670353676,2017-03-28-11-05-53AM,network,1.3129651,103.766708,22.868,-1.0,-1.0,-1.0
2017-03-28-11-06-07AM,1490670367074,1490670365000,2017-03-28-11-06-05AM,gps,1.31289066,103.76681187,29.0,37.5,74.3,0.75
2017-03-28-11-06-22AM,1490670382048,1490670373713,2017-03-28-11-06-13AM,network,1.3124871,103.7671154,25.876,-1.0,-1.0,-1.0
2017-03-28-11-06-34AM,1490670394427,1490670394000,2017-03-28-11-06-34AM,gps,1.31241755,103.76778194,28.0,38.70000076293945,-1.0,0.0
2017-03-28-11-06-41AM,1490670401873,1490670393719,2017-03-28-11-06-33AM,network,1.3123008,103.7677038,24.366,-1.0,-1.0,-1.0
2017-03-28-11-06-55AM,1490670415332,1490670415000,2017-03-28-11-06-55AM,gps,1.31236231,103.76775826,28.0,35.0,-1.0,0.0
2017-03-28-11-07-01AM,1490670421942,1490670413725,2017-03-28-11-06-53AM,network,1.312266,103.7673869,26.897,-1.0,-1.0,-1.0
2017-03-28-11-07-15AM,1490670435301,1490670435000,2017-03-28-11-07-15AM,gps,1.31234485,103.7677289,26.0,28.700000762939453,-1.0,0.0
2017-03-28-11-07-21AM,1490670441480,1490670433739,2017-03-28-11-07-13AM,network,1.3123735,103.7677943,25.934,-1.0,-1.0,-1.0
2017-03-28-11-07-26AM,1490670446528,1490670446000,2017-03-28-11-07-26AM,gps,1.31233839,103.76772134,30.0,25.899999618530273,-1.0,0.0
2017-03-28-11-07-38AM,1490670458841,1490670457000,2017-03-28-11-07-37AM,gps,1.31233351,103.76772151,28.0,25.200000762939453,-1.0,0.0
2017-03-28-11-07-56AM,1490670476110,1490670475000,2017-03-28-11-07-55AM,gps,1.31233275,103.76772566,18.0,24.700000762939453,-1.0,0.0
2017-03-28-11-08-01AM,1490670481550,1490670473867,2017-03-28-11-07-53AM,network,1.3123013,103.7676133,22.715,-1.0,-1.0,-1.0
2017-03-28-11-08-07AM,1490670487242,1490670487000,2017-03-28-11-08-07AM,gps,1.31240174,103.76835002,20.0,11.800000190734863,80.3,6.5
2017-03-28-11-08-21AM,1490670501305,1490670501000,2017-03-28-11-08-21AM,gps,1.31235389,103.76924073,26.0,-6.199999809265137,110.6,2.25
2017-03-28-11-08-38AM,1490670518349,1490670518000,2017-03-28-11-08-38AM,gps,1.31230251,103.76952638,26.0,-3.799999952316284,97.7,2.75
2017-03-28-11-08-48AM,1490670528311,1490670528000,2017-03-28-11-08-48AM,gps,1.31213962,103.77027167,28.0,21.600000381469727,76.1,5.75
2017-03-28-11-08-59AM,1490670539345,1490670539000,2017-03-28-11-08-59AM,gps,1.31213064,103.77129067,34.0,23.700000762939453,87.2,10.0
2017-03-28-11-09-18AM,1490670558906,1490670558000,2017-03-28-11-09-18AM,gps,1.31150158,103.77246937,17.0,13.800000190734863,151.5,7.75
2017-03-28-11-09-37AM,1490670577293,1490670577000,2017-03-28-11-09-37AM,gps,1.30937837,103.77185891,14.0,13.699999809265137,191.6,13.0
2017-03-28-11-09-51AM,1490670591009,1490670590000,2017-03-28-11-09-50AM,gps,1.30826706,103.77172683,8.0,21.5,179.9,6.75
2017-03-28-11-10-01AM,1490670601932,1490670593938,2017-03-28-11-09-53AM,network,1.3085287,103.7712728,73.567,-1.0,-1.0,-1.0
2017-03-28-11-10-09AM,1490670609387,1490670609000,2017-03-28-11-10-09AM,gps,1.30794876,103.77166569,8.0,20.5,-1.0,0.0
2017-03-28-11-10-19AM,1490670619320,1490670619000,2017-03-28-11-10-19AM,gps,1.30770921,103.77161008,15.0,18.899999618530273,185.0,4.75
2017-03-28-11-10-31AM,1490670631318,1490670631000,2017-03-28-11-10-31AM,gps,1.3063983,103.77124013,13.0,20.600000381469727,186.8,14.5
2017-03-28-11-10-42AM,1490670642139,1490670633942,2017-03-28-11-10-33AM,network,1.3068328,103.7713349,45.0,-1.0,-1.0,-1.0
2017-03-28-11-10-50AM,1490670650547,1490670650000,2017-03-28-11-10-50AM,gps,1.30361775,103.7712502,8.0,31.799999237060547,185.3,16.25
2017-03-28-11-11-00AM,1490670660995,1490670660000,2017-03-28-11-11-00AM,gps,1.30214776,103.7708559,10.0,29.5,198.8,16.25
2017-03-28-11-11-21AM,1490670681904,1490670681000,2017-03-28-11-11-21AM,gps,1.30052342,103.76996065,23.0,34.099998474121094,227.6,4.75
2017-03-28-11-11-42AM,1490670702000,1490670695265,2017-03-28-11-11-35AM,network,1.3010158,103.7703992,43.5,-1.0,-1.0,-1.0
2017-03-28-11-12-01AM,1490670721901,1490670721000,2017-03-28-11-12-01AM,gps,1.29904068,103.76990663,12.0,29.399999618530273,182.1,12.5
2017-03-28-11-12-21AM,1490670741960,1490670733917,2017-03-28-11-12-13AM,network,1.2985344,103.7695145,50.0,-1.0,-1.0,-1.0
2017-03-28-11-12-41AM,1490670761305,1490670761000,2017-03-28-11-12-41AM,gps,1.29768136,103.77003793,14.0,38.79999923706055,-1.0,0.0
2017-03-28-11-12-52AM,1490670772321,1490670772000,2017-03-28-11-12-52AM,gps,1.29773958,103.77009523,16.0,35.599998474121094,-1.0,0.0
2017-03-28-11-13-01AM,1490670781527,1490670773976,2017-03-28-11-12-53AM,network,1.2974335,103.7701482,23.671,-1.0,-1.0,-1.0
2017-03-28-11-13-15AM,1490670795680,1490670793000,2017-03-28-11-13-13AM,gps,1.29755781,103.76988107,19.0,31.399999618530273,218.4,1.25
2017-03-28-11-13-22AM,1490670802056,1490670794378,2017-03-28-11-13-14AM,network,1.2978099,103.76982,48.0,-1.0,-1.0,-1.0
2017-03-28-11-13-33AM,1490670813187,1490670812669,2017-03-28-11-13-32AM,gps,1.29721824,103.76992563,7.0,30.200000762939453,126.3,0.75
2017-03-28-11-13-42AM,1490670822094,1490670821469,2017-03-28-11-13-41AM,network,1.2964365,103.7676712,643.0,-1.0,-1.0,-1.0
2017-03-28-11-14-03AM,1490670843552,1490670843000,2017-03-28-11-14-03AM,gps,1.2969614,103.76974762,13.0,21.200000762939453,199.2,0.5
2017-03-28-11-14-09AM,1490670849662,1490670845781,2017-03-28-11-14-05AM,network,1.2961703,103.7697526,78.0,-1.0,-1.0,-1.0
2017-03-28-11-14-24AM,1490670864842,1490670864000,2017-03-28-11-14-24AM,gps,1.29667685,103.7698011,7.0,28.799999237060547,190.1,1.25
2017-03-28-11-14-44AM,1490670884785,1490670883668,2017-03-28-11-14-43AM,gps,1.29637033,103.76983956,18.0,-21.399999618530273,211.2,1.25
2017-03-28-11-14-56AM,1490670896253,1490670895000,2017-03-28-11-14-55AM,gps,1.29633002,103.76993791,5.0,28.600000381469727,-1.0,0.0
2017-03-28-11-15-07AM,1490670907291,1490670894580,2017-03-28-11-14-54AM,network,1.2960455,103.769786,23.813,-1.0,-1.0,-1.0
2017-03-28-11-15-21AM,1490670921797,1490670914000,2017-03-28-11-15-14AM,gps,1.29628922,103.77003264,7.0,27.100000381469727,-1.0,0.0
2017-03-28-11-15-33AM,1490670933369,1490670922684,2017-03-28-11-15-22AM,network,1.2963012,103.7686772,665.0,-1.0,-1.0,-1.0
2017-03-28-11-15-45AM,1490670945887,1490670945000,2017-03-28-11-15-45AM,gps,1.29635575,103.77049581,9.0,29.399999618530273,82.2,1.75
2017-03-28-11-15-55AM,1490670955386,1490670955000,2017-03-28-11-15-55AM,gps,1.29638272,103.77061705,6.0,27.700000762939453,75.8,1.5
2017-03-28-11-16-06AM,1490670966480,1490670966000,2017-03-28-11-16-06AM,gps,1.29638557,103.7708283,9.0,28.700000762939453,103.4,1.25
2017-03-28-11-16-16AM,1490670976861,1490670976000,2017-03-28-11-16-16AM,gps,1.29638208,103.77089827,7.0,38.400001525878906,89.1,1.5
2017-03-28-11-16-27AM,1490670987101,1490670986000,2017-03-28-11-16-26AM,gps,1.2964421,103.77096354,7.0,28.200000762939453,102.9,0.75
2017-03-28-11-16-37AM,1490670997977,1490670997000,2017-03-28-11-16-37AM,gps,1.29644508,103.7710907,14.0,25.0,76.5,1.25
2017-03-28-11-17-03AM,1490671023947,1490671017000,2017-03-28-11-16-57AM,gps,1.29639684,103.77137563,5.0,33.79999923706055,86.2,1.75
2017-03-28-11-17-26AM,1490671046804,1490671004732,2017-03-28-11-16-44AM,network,1.2963449,103.7717524,43.5,-1.0,-1.0,-1.0
2017-03-28-11-17-45AM,1490671065137,1490671037666,2017-03-28-11-17-17AM,gps,1.29641147,103.77169716,10.0,34.70000076293945,136.3,0.75
2017-03-28-11-18-20AM,1490671100515,1490671048000,2017-03-28-11-17-28AM,gps,1.29626828,103.77182463,15.0,38.099998474121094,91.7,1.0
2017-03-28-11-18-48AM,1490671128861,1490671069000,2017-03-28-11-17-49AM,gps,1.29636059,103.77201304,14.0,47.70000076293945,77.4,1.5
2017-03-28-11-18-59AM,1490671139033,1490671080000,2017-03-28-11-18-00AM,gps,1.29645066,103.77215287,9.0,42.29999923706055,51.4,1.0
2017-03-28-11-19-08AM,1490671148471,1490671083551,2017-03-28-11-18-03AM,network,1.2961947,103.7724147,508.0,-1.0,-1.0,-1.0
2017-03-28-11-19-14AM,1490671154258,1490671154000,2017-03-28-11-19-14AM,gps,1.29636833,103.77269976,16.0,39.20000076293945,96.2,1.5
2017-03-28-11-20-06AM,1490671206402,1490671183000,2017-03-28-11-19-43AM,gps,1.29627953,103.77328074,16.0,40.5,144.5,1.5
2017-03-28-11-20-35AM,1490671235467,1490671202000,2017-03-28-11-20-02AM,gps,1.29604926,103.77328655,13.0,43.70000076293945,162.1,2.0
2017-03-28-11-20-51AM,1490671251797,1490671212000,2017-03-28-11-20-12AM,gps,1.29599464,103.77330813,8.0,38.599998474121094,155.5,1.25
2017-03-28-11-21-25AM,1490671285454,1490671220481,2017-03-28-11-20-20AM,network,1.2961947,103.7724147,508.0,-1.0,-1.0,-1.0
2017-03-28-11-21-36AM,1490671296343,1490671234000,2017-03-28-11-20-34AM,gps,1.29568975,103.77351302,17.0,29.899999618530273,169.1,1.75
2017-03-28-11-21-57AM,1490671317740,1490671309076,2017-03-28-11-21-49AM,network,1.2949988,103.7738601,23.363,-1.0,-1.0,-1.0
2017-03-28-11-22-17AM,1490671337263,1490671329017,2017-03-28-11-22-09AM,network,1.2948525,103.7738601,28.058,-1.0,-1.0,-1.0
2017-03-28-11-22-37AM,1490671357267,1490671349032,2017-03-28-11-22-29AM,network,1.2950725,103.7737696,24.037,-1.0,-1.0,-1.0
2017-03-28-11-22-57AM,1490671377342,1490671369049,2017-03-28-11-22-49AM,network,1.2951456,103.7737696,28.462,-1.0,-1.0,-1.0
2017-03-28-11-23-21AM,1490671401742,1490671390645,2017-03-28-11-23-10AM,network,1.295072,103.7738601,22.115,-1.0,-1.0,-1.0
2017-03-28-11-23-45AM,1490671425670,1490671411217,2017-03-28-11-23-31AM,network,1.2951456,103.7737696,28.462,-1.0,-1.0,-1.0
2017-03-28-11-24-02AM,1490671442400,1490671429588,2017-03-28-11-23-49AM,network,1.2949988,103.7738601,22.086,-1.0,-1.0,-1.0
2017-03-28-11-24-25AM,1490671465127,1490671449967,2017-03-28-11-24-09AM,network,1.2949988,103.7738601,22.106,-1.0,-1.0,-1.0
2017-03-28-11-24-45AM,1490671485907,1490671469682,2017-03-28-11-24-29AM,network,1.2949988,103.7738601,22.105,-1.0,-1.0,-1.0
2017-03-28-11-25-02AM,1490671502665,1490671490491,2017-03-28-11-24-50AM,network,1.2949988,103.7738601,22.083,-1.0,-1.0,-1.0
2017-03-28-11-25-24AM,1490671524432,1490671510194,2017-03-28-11-25-10AM,network,1.2949988,103.7738601,22.107,-1.0,-1.0,-1.0
2017-03-28-11-25-48AM,1490671548362,1490671529874,2017-03-28-11-25-29AM,network,1.2949988,103.7738601,22.048,-1.0,-1.0,-1.0
2017-03-28-11-26-06AM,1490671566732,1490671550990,2017-03-28-11-25-50AM,network,1.295072,103.7738601,22.118,-1.0,-1.0,-1.0
2017-03-28-11-26-24AM,1490671584406,1490671570216,2017-03-28-11-26-10AM,network,1.2949988,103.7738601,22.08,-1.0,-1.0,-1.0
2017-03-28-11-26-52AM,1490671612812,1490671590441,2017-03-28-11-26-30AM,network,1.2949988,103.7738601,22.107,-1.0,-1.0,-1.0
2017-03-28-11-27-03AM,1490671623511,1490671619805,2017-03-28-11-26-59AM,network,1.2953972,103.7740458,678.0,-1.0,-1.0,-1.0
2017-03-28-11-27-20AM,1490671640364,1490671630673,2017-03-28-11-27-10AM,network,1.2949988,103.7738601,22.096,-1.0,-1.0,-1.0
2017-03-28-11-27-40AM,1490671660453,1490671650310,2017-03-28-11-27-30AM,network,1.2949988,103.7738601,22.054,-1.0,-1.0,-1.0
2017-03-28-11-28-00AM,1490671680531,1490671670329,2017-03-28-11-27-50AM,network,1.2949988,103.7738601,22.105,-1.0,-1.0,-1.0
2017-03-28-11-28-32AM,1490671712517,1490671700516,2017-03-28-11-28-20AM,network,1.2949988,103.7738601,22.109,-1.0,-1.0,-1.0
2017-03-28-11-28-47AM,1490671727579,1490671720867,2017-03-28-11-28-40AM,network,1.2949988,103.7738601,22.106,-1.0,-1.0,-1.0
2017-03-28-11-29-06AM,1490671746782,1490671740571,2017-03-28-11-29-00AM,network,1.2949988,103.7738601,22.073,-1.0,-1.0,-1.0
2017-03-28-11-29-41AM,1490671781412,1490671760610,2017-03-28-11-29-20AM,network,1.2949988,103.7738601,22.064,-1.0,-1.0,-1.0
2017-03-28-11-29-51AM,1490671791782,1490671781081,2017-03-28-11-29-41AM,network,1.2949988,103.7738601,22.102,-1.0,-1.0,-1.0
2017-03-28-11-30-08AM,1490671808856,1490671801147,2017-03-28-11-30-01AM,network,1.2949988,103.7738601,22.112,-1.0,-1.0,-1.0
2017-03-28-11-30-31AM,1490671831672,1490671820851,2017-03-28-11-30-20AM,network,1.2949988,103.7738601,22.108,-1.0,-1.0,-1.0
2017-03-28-11-30-49AM,1490671849012,1490671841194,2017-03-28-11-30-41AM,network,1.2949988,103.7738601,22.1,-1.0,-1.0,-1.0
2017-03-28-11-31-08AM,1490671868401,1490671861061,2017-03-28-11-31-01AM,network,1.2949988,103.7738601,22.062,-1.0,-1.0,-1.0
2017-03-28-11-31-28AM,1490671888641,1490671881404,2017-03-28-11-31-21AM,network,1.2949988,103.7738601,22.112,-1.0,-1.0,-1.0
2017-03-28-11-31-53AM,1490671913646,1490671901237,2017-03-28-11-31-41AM,network,1.2949988,103.7738601,22.078,-1.0,-1.0,-1.0
2017-03-28-11-32-08AM,1490671928716,1490671921377,2017-03-28-11-32-01AM,network,1.2949988,103.7738601,22.071,-1.0,-1.0,-1.0
2017-03-28-11-32-28AM,1490671948615,1490671941487,2017-03-28-11-32-21AM,network,1.295072,103.7738601,22.115,-1.0,-1.0,-1.0
2017-03-28-11-32-50AM,1490671970864,1490671961541,2017-03-28-11-32-41AM,network,1.2949988,103.7738601,22.08,-1.0,-1.0,-1.0
2017-03-28-11-33-09AM,1490671989241,1490671981831,2017-03-28-11-33-01AM,network,1.2949988,103.7738601,22.052,-1.0,-1.0,-1.0
2017-03-28-11-33-31AM,1490672011437,1490672001698,2017-03-28-11-33-21AM,network,1.2949988,103.7738601,22.08,-1.0,-1.0,-1.0
2017-03-28-11-33-46AM,1490672026847,1490672021615,2017-03-28-11-33-41AM,network,1.295072,103.7738601,22.12,-1.0,-1.0,-1.0
