2017-03-28-9-32-49AM,1490664769190,8.0,0
2017-03-28-9-58-40AM,1490666320769,0.0,0
2017-03-28-9-58-41AM,1490666321436,8.0,0
2017-03-28-10-01-14AM,1490666474714,0.0,0
2017-03-28-10-01-14AM,1490666474766,8.0,0
2017-03-28-10-01-17AM,1490666477237,8.0,0
2017-03-28-10-01-22AM,1490666482990,8.0,0
2017-03-28-10-01-23AM,1490666483970,0.0,0
2017-03-28-10-01-24AM,1490666484070,8.0,0
2017-03-28-10-01-25AM,1490666485038,0.0,0
2017-03-28-10-01-25AM,1490666485098,8.0,0
2017-03-28-10-01-33AM,1490666493860,0.0,0
2017-03-28-10-01-41AM,1490666501808,0.0,0
2017-03-28-10-01-41AM,1490666501911,8.0,0
2017-03-28-10-01-42AM,1490666502540,0.0,0
2017-03-28-10-01-42AM,1490666502862,8.0,0
2017-03-28-10-01-44AM,1490666504997,0.0,0
2017-03-28-10-01-51AM,1490666511637,0.0,0
2017-03-28-10-01-51AM,1490666511681,8.0,0
2017-03-28-10-01-52AM,1490666512716,8.0,0
2017-03-28-10-02-00AM,1490666520862,0.0,0
2017-03-28-10-02-40AM,1490666560686,0.0,0
2017-03-28-10-02-40AM,1490666560805,8.0,0
2017-03-28-10-02-48AM,1490666568095,0.0,0
2017-03-28-10-02-48AM,1490666568159,8.0,0
2017-03-28-10-02-49AM,1490666569349,0.0,0
2017-03-28-10-02-49AM,1490666569379,8.0,0
2017-03-28-10-02-54AM,1490666574514,0.0,0
2017-03-28-10-02-54AM,1490666574554,8.0,0
2017-03-28-10-02-59AM,1490666579186,0.0,0
2017-03-28-10-02-59AM,1490666579252,8.0,0
2017-03-28-10-02-59AM,1490666579807,0.0,0
2017-03-28-10-02-59AM,1490666579847,8.0,0
2017-03-28-10-03-05AM,1490666585407,0.0,0
2017-03-28-10-03-05AM,1490666585422,8.0,0
2017-03-28-10-03-14AM,1490666594379,0.0,0
2017-03-28-10-03-15AM,1490666595820,0.0,0
2017-03-28-10-03-19AM,1490666599036,8.0,0
2017-03-28-10-03-29AM,1490666609411,0.0,0
2017-03-28-10-03-29AM,1490666609545,8.0,0
2017-03-28-10-03-44AM,1490666624992,8.0,0
2017-03-28-10-03-46AM,1490666626127,0.0,0
2017-03-28-10-03-46AM,1490666626162,8.0,0
2017-03-28-10-03-56AM,1490666636217,0.0,0
2017-03-28-10-03-56AM,1490666636266,8.0,0
2017-03-28-10-04-02AM,1490666642745,0.0,0
2017-03-28-10-04-02AM,1490666642927,8.0,0
2017-03-28-10-05-12AM,1490666712197,0.0,0
2017-03-28-10-05-12AM,1490666712221,8.0,0
2017-03-28-10-05-39AM,1490666739456,0.0,0
2017-03-28-10-05-46AM,1490666746350,0.0,0
2017-03-28-10-05-46AM,1490666746396,8.0,0
2017-03-28-10-05-49AM,1490666749750,0.0,0
2017-03-28-10-05-49AM,1490666749791,8.0,0
2017-03-28-10-08-17AM,1490666897024,0.0,0
2017-03-28-10-10-02AM,1490667002442,0.0,0
2017-03-28-10-11-55AM,1490667115306,0.0,0
2017-03-28-10-11-55AM,1490667115481,8.0,0
2017-03-28-10-11-59AM,1490667119475,0.0,0
2017-03-28-10-11-59AM,1490667119517,8.0,0
2017-03-28-10-12-21AM,1490667141594,8.0,0
2017-03-28-10-12-49AM,1490667169405,0.0,0
2017-03-28-10-12-49AM,1490667169765,8.0,0
2017-03-28-10-13-06AM,1490667186341,0.0,0
2017-03-28-10-13-06AM,1490667186448,8.0,0
2017-03-28-10-13-11AM,1490667191157,0.0,0
2017-03-28-10-19-32AM,1490667572136,0.0,0
2017-03-28-10-19-34AM,1490667574478,8.0,0
2017-03-28-10-24-35AM,1490667875294,0.0,0
2017-03-28-10-24-35AM,1490667875351,8.0,0
2017-03-28-11-04-38AM,1490670278747,0.0,0
2017-03-28-11-04-38AM,1490670278840,8.0,0
2017-03-28-11-04-39AM,1490670279024,0.0,0
2017-03-28-11-04-39AM,1490670279130,8.0,0
2017-03-28-11-04-39AM,1490670279316,0.0,0
2017-03-28-11-04-39AM,1490670279462,8.0,0
2017-03-28-11-16-19AM,1490670979721,0.0,0
2017-03-28-11-16-19AM,1490670979831,8.0,0
2017-03-28-11-18-59AM,1490671139402,8.0,0
2017-03-28-11-19-14AM,1490671154290,0.0,0
2017-03-28-11-19-14AM,1490671154465,8.0,0
2017-03-28-11-19-16AM,1490671156388,0.0,0
2017-03-28-11-19-16AM,1490671156413,8.0,0
2017-03-28-11-19-21AM,1490671161002,0.0,0
2017-03-28-11-19-27AM,1490671167932,8.0,0
2017-03-28-11-19-31AM,1490671171552,0.0,0
2017-03-28-11-19-32AM,1490671172947,8.0,0
2017-03-28-11-20-37AM,1490671237286,0.0,0
2017-03-28-11-20-42AM,1490671242533,8.0,0
2017-03-28-11-20-45AM,1490671245726,0.0,0
2017-03-28-11-21-05AM,1490671265502,0.0,0
2017-03-28-11-23-41AM,1490671421500,0.0,0
